-40.08027	1.88284E-5
-39.90677	1.59138E-5
-39.73326	1.33415E-5
-39.55975	1.1658E-5
-39.38624	1.13491E-5
-39.21273	1.27667E-5
-39.03923	1.60847E-5
-38.86572	2.12912E-5
-38.69221	2.8215E-5
-38.5187	3.65747E-5
-38.3452	4.60379E-5
-38.17169	5.62755E-5
-37.99818	6.70046E-5
-37.82467	7.80149E-5
-37.65116	8.91839E-5
-37.47766	1.00483E-4
-37.30415	1.11984E-4
-37.13064	1.23855E-4
-36.95714	1.36359E-4
-36.78363	1.49839E-4
-36.61012	1.64688E-4
-36.43661	1.81316E-4
-36.2631	2.00098E-4
-36.0896	2.21341E-4
-35.91609	2.45255E-4
-35.74258	2.71939E-4
-35.56907	3.01398E-4
-35.39557	3.33553E-4
-35.22206	3.68267E-4
-35.04855	4.05345E-4
-34.87504	4.4452E-4
-34.70154	4.85416E-4
-34.52803	5.27508E-4
-34.35452	5.70075E-4
-34.18101	6.12176E-4
-34.0075	6.52656E-4
-33.834	6.90188E-4
-33.66049	7.23336E-4
-33.48698	7.50649E-4
-33.31347	7.70757E-4
-33.13997	7.82475E-4
-32.96646	7.84886E-4
-32.79295	7.77429E-4
-32.61944	7.59967E-4
-32.44593	7.32831E-4
-32.27243	6.96851E-4
-32.09892	6.53337E-4
-31.92541	6.04016E-4
-31.7519	5.50914E-4
-31.5784	4.96188E-4
-31.40489	4.41931E-4
-31.23138	3.89967E-4
-31.05787	3.4169E-4
-30.88437	2.97959E-4
-30.71086	2.59083E-4
-30.53735	2.24886E-4
-30.36384	1.94842E-4
-30.19034	1.68252E-4
-30.01683	1.44411E-4
-29.84332	1.22746E-4
-29.66981	1.02898E-4
-29.49631	8.47362E-5
-29.3228	6.83266E-5
-29.14929	5.38591E-5
-28.97578	4.15689E-5
-28.80227	3.16629E-5
-28.62877	2.42652E-5
-28.45526	1.93838E-5
-28.28175	1.68961E-5
-28.10824	1.6549E-5
-27.93474	1.79704E-5
-27.76123	2.06942E-5
-27.58772	2.42002E-5
-27.41421	2.79711E-5
-27.2407	3.15631E-5
-27.0672	3.468E-5
-26.89369	3.72358E-5
-26.72018	3.93888E-5
-26.54667	4.15352E-5
-26.37317	4.42564E-5
-26.19966	4.82288E-5
-26.02615	5.41142E-5
-25.85264	6.24548E-5
-25.67914	7.35972E-5
-25.50563	8.76616E-5
-25.33212	1.0456E-4
-25.15861	1.24051E-4
-24.98511	1.45818E-4
-24.8116	1.69531E-4
-24.63809	1.94887E-4
-24.46458	2.21611E-4
-24.29107	2.49415E-4
-24.11757	2.77942E-4
-23.94406	3.06719E-4
-23.77055	3.35146E-4
-23.59704	3.62537E-4
-23.42354	3.88231E-4
-23.25003	4.11745E-4
-23.07652	4.32947E-4
-22.90301	4.52206E-4
-22.72951	4.70464E-4
-22.556	4.89203E-4
-22.38249	5.10282E-4
-22.20898	5.35666E-4
-22.03548	5.67084E-4
-21.86197	6.0569E-4
-21.68846	6.51793E-4
-21.51495	7.0474E-4
-21.34144	7.62993E-4
-21.16794	8.24393E-4
-20.99443	8.86583E-4
-20.82092	9.47502E-4
-20.64741	0.00101
-20.47391	0.00106
-20.3004	0.00111
-20.12689	0.00117
-19.95338	0.00122
-19.77988	0.00129
-19.60637	0.00135
-19.43286	0.00143
-19.25935	0.00152
-19.08584	0.00161
-18.91234	0.00171
-18.73883	0.00182
-18.56532	0.00192
-18.39181	0.00202
-18.21831	0.0021
-18.0448	0.00217
-17.87129	0.00221
-17.69778	0.00223
-17.52427	0.00222
-17.35077	0.00218
-17.17726	0.0021
-17.00375	0.00199
-16.83024	0.00186
-16.65674	0.00173
-16.48323	0.0016
-16.30972	0.0015
-16.13621	0.00144
-15.96271	0.00145
-15.7892	0.00155
-15.61569	0.00174
-15.44218	0.00205
-15.26868	0.00248
-15.09517	0.00304
-14.92166	0.00375
-14.74815	0.00459
-14.57465	0.00558
-14.40114	0.0067
-14.22763	0.00794
-14.05412	0.00927
-13.88061	0.01066
-13.70711	0.01206
-13.5336	0.01341
-13.36009	0.01464
-13.18658	0.01569
-13.01308	0.0165
-12.83957	0.01705
-12.66606	0.01732
-12.49255	0.01734
-12.31904	0.01717
-12.14554	0.01693
-11.97203	0.01676
-11.79852	0.01686
-11.62501	0.01743
-11.45151	0.01872
-11.278	0.02097
-11.10449	0.02443
-10.93098	0.02929
-10.75748	0.03575
-10.58397	0.0439
-10.41046	0.05378
-10.23695	0.06537
-10.06345	0.07855
-9.88994	0.09319
-9.71643	0.10911
-9.54292	0.1262
-9.36941	0.14441
-9.19591	0.16388
-9.0224	0.18492
-8.84889	0.20812
-8.67538	0.23425
-8.50188	0.26433
-8.32837	0.29944
-8.15486	0.34066
-7.98135	0.38882
-7.80785	0.44438
-7.63434	0.50719
-7.46083	0.57633
-7.28732	0.65004
-7.11381	0.72563
-6.94031	0.79964
-6.7668	0.868
-6.59329	0.92628
-6.41978	0.97014
-6.24628	0.99571
-6.07277	1
-5.89926	0.98128
-5.72575	0.93936
-5.55225	0.87572
-5.37874	0.79344
-5.20523	0.69705
-5.03172	0.59208
-4.85821	0.48463
-4.68471	0.38076
-4.5112	0.28594
-4.33769	0.20454
-4.16418	0.13947
-3.99068	0.09199
-3.81717	0.06167
-3.64366	0.04665
-3.47015	0.04392
-3.29665	0.04983
-3.12314	0.06054
-2.94963	0.07251
-2.77612	0.08284
-2.60262	0.08951
-2.42911	0.09148
-2.2556	0.08861
-2.08209	0.08151
-1.90858	0.0713
-1.73508	0.05931
-1.56157	0.04688
-1.38806	0.03516
-1.21455	0.02497
-1.04105	0.01678
-0.86754	0.01072
-0.69403	0.00665
-0.52052	0.00426
-0.34702	0.00313
-0.17351	0.00285
0	0.00306
0.17351	0.0035
0.34702	0.00397
0.52052	0.00441
0.69403	0.0048
0.86754	0.00517
1.04105	0.0056
1.21455	0.00616
1.38806	0.00689
1.56157	0.00781
1.73508	0.00892
1.90858	0.01015
2.08209	0.0114
2.2556	0.01255
2.42911	0.01348
2.60262	0.01406
2.77612	0.01422
2.94963	0.01392
3.12314	0.01319
3.29665	0.01212
3.47015	0.01083
3.64366	0.00949
3.81717	0.00827
3.99068	0.00732
4.16418	0.00675
4.33769	0.00661
4.5112	0.00693
4.68471	0.00764
4.85821	0.00869
5.03172	0.00996
5.20523	0.01138
5.37874	0.01287
5.55225	0.01438
5.72575	0.01592
5.89926	0.01748
6.07277	0.01908
6.24628	0.02075
6.41978	0.02246
6.59329	0.02418
6.7668	0.02582
6.94031	0.02728
7.11381	0.02844
7.28732	0.02918
7.46083	0.02941
7.63434	0.02909
7.80785	0.02822
7.98135	0.02686
8.15486	0.02514
8.32837	0.02319
8.50188	0.02118
8.67538	0.01927
8.84889	0.01758
9.0224	0.0162
9.19591	0.01516
9.36941	0.01445
9.54292	0.01402
9.71643	0.0138
9.88994	0.0137
10.06345	0.01364
10.23695	0.01358
10.41046	0.01347
10.58397	0.01329
10.75748	0.01307
10.93098	0.01282
11.10449	0.01257
11.278	0.01234
11.45151	0.01215
11.62501	0.012
11.79852	0.01188
11.97203	0.01179
12.14554	0.0117
12.31904	0.0116
12.49255	0.01146
12.66606	0.01129
12.83957	0.01108
13.01308	0.01085
13.18658	0.01059
13.36009	0.01034
13.5336	0.01011
13.70711	0.00992
13.88061	0.00977
14.05412	0.00968
14.22763	0.00965
14.40114	0.00966
14.57465	0.00973
14.74815	0.00982
14.92166	0.00994
15.09517	0.01006
15.26868	0.01017
15.44218	0.01028
15.61569	0.01038
15.7892	0.01047
15.96271	0.01058
16.13621	0.01071
16.30972	0.01089
16.48323	0.01113
16.65674	0.01146
16.83024	0.01191
17.00375	0.0125
17.17726	0.01325
17.35077	0.01419
17.52427	0.01535
17.69778	0.01678
17.87129	0.0185
18.0448	0.02056
18.21831	0.02299
18.39181	0.02581
18.56532	0.02903
18.73883	0.0326
18.91234	0.03647
19.08584	0.04054
19.25935	0.04468
19.43286	0.04875
19.60637	0.05257
19.77988	0.05597
19.95338	0.05879
20.12689	0.0609
20.3004	0.06221
20.47391	0.06264
20.64741	0.06221
20.82092	0.06093
20.99443	0.05887
21.16794	0.05615
21.34144	0.05287
21.51495	0.04917
21.68846	0.04518
21.86197	0.04104
22.03548	0.03685
22.20898	0.03272
22.38249	0.02875
22.556	0.02498
22.72951	0.02149
22.90301	0.01829
23.07652	0.01542
23.25003	0.01288
23.42354	0.01067
23.59704	0.00876
23.77055	0.00715
23.94406	0.0058
24.11757	0.00468
24.29107	0.00377
24.46458	0.00303
24.63809	0.00243
24.8116	0.00196
24.98511	0.00158
25.15861	0.00128
25.33212	0.00105
25.50563	8.67371E-4
25.67914	7.24269E-4
25.85264	6.10937E-4
26.02615	5.19731E-4
26.19966	4.44719E-4
26.37317	3.8162E-4
26.54667	3.27662E-4
26.72018	2.81337E-4
26.89369	2.42039E-4
27.0672	2.09644E-4
27.2407	1.84101E-4
27.41421	1.65116E-4
27.58772	1.51989E-4
27.76123	1.43612E-4
27.93474	1.38628E-4
28.10824	1.35655E-4
28.28175	1.33528E-4
28.45526	1.31464E-4
28.62877	1.29116E-4
28.80227	1.26519E-4
28.97578	1.23944E-4
29.14929	1.21725E-4
29.3228	1.20124E-4
29.49631	1.19257E-4
29.66981	1.19111E-4
29.84332	1.19615E-4
30.01683	1.20745E-4
30.19034	1.22593E-4
30.36384	1.25387E-4
30.53735	1.2943E-4
30.71086	1.34991E-4
30.88437	1.42179E-4
31.05787	1.50833E-4
31.23138	1.60486E-4
31.40489	1.70403E-4
31.5784	1.79693E-4
31.7519	1.87458E-4
31.92541	1.92952E-4
32.09892	1.95689E-4
32.27243	1.95499E-4
32.44593	1.92497E-4
32.61944	1.87009E-4
32.79295	1.79464E-4
32.96646	1.70293E-4
33.13997	1.59865E-4
33.31347	1.48469E-4
33.48698	1.36343E-4
33.66049	1.23728E-4
33.834	1.10924E-4
34.0075	9.83335E-5
34.18101	8.64481E-5
34.35452	7.5811E-5
34.52803	6.69371E-5
34.70154	6.02245E-5
34.87504	5.58768E-5
35.04855	5.38584E-5
35.22206	5.38949E-5
35.39557	5.5519E-5
35.56907	5.81522E-5
35.74258	6.12023E-5
35.91609	6.41551E-5
36.0896	6.66415E-5
36.2631	6.84655E-5
36.43661	6.95933E-5
36.61012	7.01076E-5
36.78363	7.01441E-5
36.95714	6.98269E-5
37.13064	6.9219E-5
37.30415	6.83011E-5
37.47766	6.69796E-5
37.65116	6.51223E-5
37.82467	6.26093E-5
37.99818	5.93857E-5
38.17169	5.55011E-5
38.3452	5.11265E-5
38.5187	4.65418E-5
38.69221	4.20984E-5
38.86572	3.81624E-5
39.03923	3.50521E-5
39.21273	3.29827E-5
39.38624	3.2031E-5
39.55975	3.21259E-5
39.73326	3.30682E-5
39.90677	3.45737E-5
40.08027	3.63296E-5