-40.01627	4.0267E-5
-39.84304	4.101E-5
-39.66981	4.13272E-5
-39.49658	4.13085E-5
-39.32335	4.10697E-5
-39.15012	4.07166E-5
-38.97689	4.03237E-5
-38.80366	3.99357E-5
-38.63043	3.95867E-5
-38.4572	3.93278E-5
-38.28397	3.92478E-5
-38.11074	3.94767E-5
-37.93751	4.01652E-5
-37.76427	4.14449E-5
-37.59104	4.33797E-5
-37.41781	4.59225E-5
-37.24458	4.88932E-5
-37.07135	5.19891E-5
-36.89812	5.48315E-5
-36.72489	5.70451E-5
-36.55166	5.83547E-5
-36.37843	5.86798E-5
-36.2052	5.81991E-5
-36.03197	5.73625E-5
-35.85874	5.68348E-5
-35.68551	5.7372E-5
-35.51228	5.96517E-5
-35.33905	6.40965E-5
-35.16582	7.07439E-5
-34.99258	7.92097E-5
-34.81935	8.87786E-5
-34.64612	9.86167E-5
-34.47289	1.08067E-4
-34.29966	1.16954E-4
-34.12643	1.25798E-4
-33.9532	1.35874E-4
-33.77997	1.49051E-4
-33.60674	1.67438E-4
-33.43351	1.92896E-4
-33.26028	2.26544E-4
-33.08705	2.68371E-4
-32.91382	3.17089E-4
-32.74059	3.70259E-4
-32.56736	4.24691E-4
-32.39413	4.77012E-4
-32.22089	5.2428E-4
-32.04766	5.64471E-4
-31.87443	5.96748E-4
-31.7012	6.21421E-4
-31.52797	6.39646E-4
-31.35474	6.52927E-4
-31.18151	6.62582E-4
-31.00828	6.69291E-4
-30.83505	6.72858E-4
-30.66182	6.72237E-4
-30.48859	6.65805E-4
-30.31536	6.51809E-4
-30.14213	6.28877E-4
-29.9689	5.96458E-4
-29.79567	5.55084E-4
-29.62244	5.06409E-4
-29.4492	4.52999E-4
-29.27597	3.97945E-4
-29.10274	3.44376E-4
-28.92951	2.9499E-4
-28.75628	2.51699E-4
-28.58305	2.15463E-4
-28.40982	1.86326E-4
-28.23659	1.63636E-4
-28.06336	1.46363E-4
-27.89013	1.33433E-4
-27.7169	1.23988E-4
-27.54367	1.17503E-4
-27.37044	1.13754E-4
-27.19721	1.12675E-4
-27.02398	1.14164E-4
-26.85075	1.17934E-4
-26.67752	1.23467E-4
-26.50428	1.30102E-4
-26.33105	1.37225E-4
-26.15782	1.44501E-4
-25.98459	1.52041E-4
-25.81136	1.60436E-4
-25.63813	1.70602E-4
-25.4649	1.83479E-4
-25.29167	1.99648E-4
-25.11844	2.18987E-4
-24.94521	2.40505E-4
-24.77198	2.62406E-4
-24.59875	2.82429E-4
-24.42552	2.98373E-4
-24.25229	3.08681E-4
-24.07906	3.12936E-4
-23.90583	3.12099E-4
-23.7326	3.0842E-4
-23.55936	3.05017E-4
-23.38613	3.05215E-4
-23.2129	3.11806E-4
-23.03967	3.26429E-4
-22.86644	3.49221E-4
-22.69321	3.78863E-4
-22.51998	4.12993E-4
-22.34675	4.48918E-4
-22.17352	4.84412E-4
-22.00029	5.18405E-4
-21.82706	5.51344E-4
-21.65383	5.85094E-4
-21.4806	6.22364E-4
-21.30737	6.65765E-4
-21.13414	7.16714E-4
-20.96091	7.74478E-4
-20.78767	8.35646E-4
-20.61444	8.94239E-4
-20.44121	9.42526E-4
-20.26798	9.72449E-4
-20.09475	9.77364E-4
-19.92152	9.53744E-4
-19.74829	9.02399E-4
-19.57506	8.28916E-4
-19.40183	7.43153E-4
-19.2286	6.5787E-4
-19.05537	5.86775E-4
-18.88214	5.42435E-4
-18.70891	5.34511E-4
-18.53568	5.68701E-4
-18.36245	6.46571E-4
-18.18922	7.66237E-4
-18.01598	9.23594E-4
-17.84275	0.00111
-17.66952	0.00133
-17.49629	0.00157
-17.32306	0.00184
-17.14983	0.00212
-16.9766	0.00242
-16.80337	0.00272
-16.63014	0.00303
-16.45691	0.00332
-16.28368	0.00359
-16.11045	0.00382
-15.93722	0.00399
-15.76399	0.00409
-15.59076	0.00411
-15.41752	0.00405
-15.24429	0.0039
-15.07106	0.00366
-14.89783	0.00336
-14.7246	0.00301
-14.55137	0.00264
-14.37814	0.00229
-14.20491	0.00201
-14.03168	0.00186
-13.85845	0.00189
-13.68522	0.00214
-13.51199	0.00266
-13.33876	0.00347
-13.16553	0.00456
-12.9923	0.00594
-12.81907	0.00755
-12.64584	0.00935
-12.4726	0.01127
-12.29937	0.01324
-12.12614	0.01519
-11.95291	0.01704
-11.77968	0.01872
-11.60645	0.02016
-11.43322	0.02129
-11.25999	0.02205
-11.08676	0.0224
-10.91353	0.02229
-10.7403	0.02173
-10.56707	0.02073
-10.39384	0.01937
-10.22061	0.01777
-10.04738	0.01609
-9.87415	0.01456
-9.70091	0.01345
-9.52768	0.01307
-9.35445	0.01377
-9.18122	0.01591
-9.00799	0.01987
-8.83476	0.026
-8.66153	0.03462
-8.4883	0.04593
-8.31507	0.06002
-8.14184	0.0768
-7.96861	0.09594
-7.79538	0.11688
-7.62215	0.13888
-7.44892	0.16102
-7.27569	0.18241
-7.10246	0.20224
-6.92922	0.22008
-6.75599	0.23597
-6.58276	0.25061
-6.40953	0.26542
-6.2363	0.28247
-6.06307	0.30432
-5.88984	0.33373
-5.71661	0.37317
-5.54338	0.42443
-5.37015	0.48806
-5.19692	0.56304
-5.02369	0.64656
-4.85046	0.734
-4.67723	0.81925
-4.504	0.89528
-4.33077	0.95483
-4.15753	0.9914
-3.9843	1
-3.81107	0.97799
-3.63784	0.92547
-3.46461	0.84542
-3.29138	0.74344
-3.11815	0.62709
-2.94492	0.50501
-2.77169	0.38589
-2.59846	0.27751
-2.42523	0.18585
-2.252	0.11459
-2.07877	0.06495
-1.90554	0.03582
-1.73231	0.02423
-1.55908	0.02602
-1.38584	0.03653
-1.21261	0.05131
-1.03938	0.06658
-0.86615	0.07956
-0.69292	0.08859
-0.51969	0.09299
-0.34646	0.09292
-0.17323	0.08902
0	0.08221
0.17323	0.07344
0.34646	0.06356
0.51969	0.0533
0.69292	0.04319
0.86615	0.03365
1.03938	0.02504
1.21261	0.01764
1.38584	0.01171
1.55908	0.00742
1.73231	0.00487
1.90554	0.00402
2.07877	0.00472
2.252	0.00669
2.42523	0.00953
2.59846	0.01282
2.77169	0.01614
2.94492	0.01915
3.11815	0.0216
3.29138	0.02339
3.46461	0.02454
3.63784	0.02518
3.81107	0.02549
3.9843	0.0257
4.15753	0.02596
4.33077	0.0264
4.504	0.02702
4.67723	0.02776
4.85046	0.02848
5.02369	0.02899
5.19692	0.02909
5.37015	0.02864
5.54338	0.02755
5.71661	0.0258
5.88984	0.02348
6.06307	0.02075
6.2363	0.01782
6.40953	0.01493
6.58276	0.01229
6.75599	0.0101
6.92922	0.00845
7.10246	0.00742
7.27569	0.00697
7.44892	0.00703
7.62215	0.00749
7.79538	0.00823
7.96861	0.00913
8.14184	0.01008
8.31507	0.01101
8.4883	0.01188
8.66153	0.01266
8.83476	0.01334
9.00799	0.01391
9.18122	0.01437
9.35445	0.0147
9.52768	0.01488
9.70091	0.01488
9.87415	0.01468
10.04738	0.01426
10.22061	0.01363
10.39384	0.01281
10.56707	0.01183
10.7403	0.01076
10.91353	0.00966
11.08676	0.00859
11.25999	0.00763
11.43322	0.00681
11.60645	0.00617
11.77968	0.00573
11.95291	0.00547
12.12614	0.00537
12.29937	0.00542
12.4726	0.00556
12.64584	0.00578
12.81907	0.00604
12.9923	0.00633
13.16553	0.00664
13.33876	0.00694
13.51199	0.00724
13.68522	0.00754
13.85845	0.00782
14.03168	0.00807
14.20491	0.00829
14.37814	0.00844
14.55137	0.00853
14.7246	0.00853
14.89783	0.00843
15.07106	0.00825
15.24429	0.00798
15.41752	0.00764
15.59076	0.00724
15.76399	0.00682
15.93722	0.00641
16.11045	0.00601
16.28368	0.00566
16.45691	0.00536
16.63014	0.00513
16.80337	0.00497
16.9766	0.00486
17.14983	0.00481
17.32306	0.00479
17.49629	0.0048
17.66952	0.00482
17.84275	0.00486
18.01598	0.00491
18.18922	0.00498
18.36245	0.00508
18.53568	0.00521
18.70891	0.00539
18.88214	0.00561
19.05537	0.00589
19.2286	0.00622
19.40183	0.00659
19.57506	0.00703
19.74829	0.00751
19.92152	0.00806
20.09475	0.00868
20.26798	0.00938
20.44121	0.01017
20.61444	0.01105
20.78767	0.01202
20.96091	0.01304
21.13414	0.0141
21.30737	0.01516
21.4806	0.01615
21.65383	0.01703
21.82706	0.01775
22.00029	0.01827
22.17352	0.01855
22.34675	0.01859
22.51998	0.01838
22.69321	0.01793
22.86644	0.01727
23.03967	0.01644
23.2129	0.01546
23.38613	0.01438
23.55936	0.01323
23.7326	0.01205
23.90583	0.01086
24.07906	0.0097
24.25229	0.00857
24.42552	0.00751
24.59875	0.00653
24.77198	0.00563
24.94521	0.00482
25.11844	0.0041
25.29167	0.00347
25.4649	0.00293
25.63813	0.00247
25.81136	0.00208
25.98459	0.00175
26.15782	0.00147
26.33105	0.00124
26.50428	0.00104
26.67752	8.83398E-4
26.85075	7.51137E-4
27.02398	6.43696E-4
27.19721	5.57453E-4
27.37044	4.88879E-4
27.54367	4.34538E-4
27.7169	3.91242E-4
27.89013	3.56262E-4
28.06336	3.27517E-4
28.23659	3.03639E-4
28.40982	2.83898E-4
28.58305	2.67994E-4
28.75628	2.55775E-4
28.92951	2.4699E-4
29.10274	2.41126E-4
29.27597	2.37384E-4
29.4492	2.34783E-4
29.62244	2.32327E-4
29.79567	2.29179E-4
29.9689	2.24771E-4
30.14213	2.18818E-4
30.31536	2.1125E-4
30.48859	2.02099E-4
30.66182	1.91405E-4
30.83505	1.79177E-4
31.00828	1.65431E-4
31.18151	1.50285E-4
31.35474	1.34053E-4
31.52797	1.17302E-4
31.7012	1.00817E-4
31.87443	8.5486E-5
32.04766	7.21304E-5
32.22089	6.13254E-5
32.39413	5.32832E-5
32.56736	4.78283E-5
32.74059	4.44735E-5
32.91382	4.25712E-5
33.08705	4.14876E-5
33.26028	4.07473E-5
33.43351	4.01068E-5
33.60674	3.9544E-5
33.77997	3.91786E-5
33.9532	3.91584E-5
34.12643	3.95516E-5
34.29966	4.02798E-5
34.47289	4.11046E-5
34.64612	4.16682E-5
34.81935	4.15699E-5
34.99258	4.04574E-5
35.16582	3.81137E-5
35.33905	3.45222E-5
35.51228	2.99032E-5
35.68551	2.47121E-5
35.85874	1.95957E-5
36.03197	1.53047E-5
36.2052	1.25666E-5
36.37843	1.19361E-5
36.55166	1.36512E-5
36.72489	1.75324E-5
36.89812	2.29597E-5
37.07135	2.89512E-5
37.24458	3.43393E-5
37.41781	3.80132E-5
37.59104	3.91711E-5
37.76427	3.75156E-5
37.93751	3.33353E-5
38.11074	2.7443E-5
38.28397	2.09817E-5
38.4572	1.51449E-5
38.63043	1.08886E-5
38.80366	8.70951E-6
38.97689	8.55186E-6
39.15012	9.86315E-6
39.32335	1.17798E-5
39.49658	1.33858E-5
39.66981	1.39706E-5
39.84304	1.32136E-5
40.01627	1.12502E-5