-35	3.59E-05
-34.988	3.55E-05
-34.976	3.49E-05
-34.964	3.39E-05
-34.952	3.27E-05
-34.94	3.12E-05
-34.929	2.95E-05
-34.917	2.77E-05
-34.905	2.57E-05
-34.893	2.36E-05
-34.881	2.15E-05
-34.869	1.94E-05
-34.857	1.74E-05
-34.845	1.54E-05
-34.833	1.36E-05
-34.821	1.19E-05
-34.809	1.04E-05
-34.798	9.07E-06
-34.786	7.90E-06
-34.774	6.91E-06
-34.762	6.09E-06
-34.75	5.43E-06
-34.738	4.90E-06
-34.726	4.49E-06
-34.714	4.18E-06
-34.702	3.94E-06
-34.69	3.76E-06
-34.678	3.62E-06
-34.667	3.49E-06
-34.655	3.37E-06
-34.643	3.24E-06
-34.631	3.09E-06
-34.619	2.92E-06
-34.607	2.73E-06
-34.595	2.52E-06
-34.583	2.29E-06
-34.571	2.06E-06
-34.559	1.82E-06
-34.547	1.59E-06
-34.536	1.38E-06
-34.524	1.18E-06
-34.512	1.02E-06
-34.5	8.83E-07
-34.488	7.86E-07
-34.476	7.25E-07
-34.464	7.02E-07
-34.452	7.12E-07
-34.44	7.52E-07
-34.428	8.17E-07
-34.416	9.01E-07
-34.405	9.97E-07
-34.393	1.10E-06
-34.381	1.20E-06
-34.369	1.29E-06
-34.357	1.38E-06
-34.345	1.44E-06
-34.333	1.49E-06
-34.321	1.52E-06
-34.309	1.52E-06
-34.297	1.51E-06
-34.285	1.48E-06
-34.274	1.43E-06
-34.262	1.37E-06
-34.25	1.30E-06
-34.238	1.22E-06
-34.226	1.14E-06
-34.214	1.06E-06
-34.202	9.87E-07
-34.19	9.14E-07
-34.178	8.48E-07
-34.166	7.87E-07
-34.154	7.32E-07
-34.143	6.83E-07
-34.131	6.39E-07
-34.119	5.99E-07
-34.107	5.61E-07
-34.095	5.26E-07
-34.083	4.90E-07
-34.071	4.55E-07
-34.059	4.19E-07
-34.047	3.83E-07
-34.035	3.45E-07
-34.023	3.08E-07
-34.012	2.71E-07
-34	2.35E-07
-33.988	2.01E-07
-33.976	1.70E-07
-33.964	1.43E-07
-33.952	1.20E-07
-33.94	1.02E-07
-33.928	8.97E-08
-33.916	8.17E-08
-33.904	7.82E-08
-33.892	7.85E-08
-33.881	8.18E-08
-33.869	8.72E-08
-33.857	9.36E-08
-33.845	9.99E-08
-33.833	1.05E-07
-33.821	1.09E-07
-33.809	1.10E-07
-33.797	1.09E-07
-33.785	1.05E-07
-33.773	9.87E-08
-33.761	9.02E-08
-33.75	8.01E-08
-33.738	6.93E-08
-33.726	5.86E-08
-33.714	4.88E-08
-33.702	4.06E-08
-33.69	3.47E-08
-33.678	3.15E-08
-33.666	3.13E-08
-33.654	3.40E-08
-33.642	3.95E-08
-33.63	4.73E-08
-33.619	5.67E-08
-33.607	6.71E-08
-33.595	7.77E-08
-33.583	8.75E-08
-33.571	9.58E-08
-33.559	1.02E-07
-33.547	1.06E-07
-33.535	1.06E-07
-33.523	1.04E-07
-33.511	9.94E-08
-33.499	9.23E-08
-33.488	8.37E-08
-33.476	7.42E-08
-33.464	6.47E-08
-33.452	5.61E-08
-33.44	4.94E-08
-33.428	4.50E-08
-33.416	4.38E-08
-33.404	4.59E-08
-33.392	5.16E-08
-33.38	6.06E-08
-33.368	7.26E-08
-33.357	8.69E-08
-33.345	1.03E-07
-33.333	1.19E-07
-33.321	1.35E-07
-33.309	1.50E-07
-33.297	1.62E-07
-33.285	1.71E-07
-33.273	1.76E-07
-33.261	1.77E-07
-33.249	1.74E-07
-33.237	1.67E-07
-33.226	1.57E-07
-33.214	1.43E-07
-33.202	1.28E-07
-33.19	1.12E-07
-33.178	9.56E-08
-33.166	8.05E-08
-33.154	6.75E-08
-33.142	5.74E-08
-33.13	5.08E-08
-33.118	4.79E-08
-33.106	4.88E-08
-33.095	5.35E-08
-33.083	6.13E-08
-33.071	7.16E-08
-33.059	8.35E-08
-33.047	9.61E-08
-33.035	1.08E-07
-33.023	1.19E-07
-33.011	1.28E-07
-32.999	1.34E-07
-32.987	1.37E-07
-32.976	1.36E-07
-32.964	1.32E-07
-32.952	1.25E-07
-32.94	1.15E-07
-32.928	1.03E-07
-32.916	9.12E-08
-32.904	7.92E-08
-32.892	6.86E-08
-32.88	6.01E-08
-32.868	5.48E-08
-32.856	5.31E-08
-32.845	5.56E-08
-32.833	6.23E-08
-32.821	7.31E-08
-32.809	8.75E-08
-32.797	1.05E-07
-32.785	1.25E-07
-32.773	1.46E-07
-32.761	1.67E-07
-32.749	1.88E-07
-32.737	2.07E-07
-32.725	2.25E-07
-32.714	2.39E-07
-32.702	2.52E-07
-32.69	2.61E-07
-32.678	2.69E-07
-32.666	2.74E-07
-32.654	2.80E-07
-32.642	2.85E-07
-32.63	2.92E-07
-32.618	3.00E-07
-32.606	3.12E-07
-32.594	3.27E-07
-32.583	3.47E-07
-32.571	3.69E-07
-32.559	3.96E-07
-32.547	4.25E-07
-32.535	4.55E-07
-32.523	4.86E-07
-32.511	5.15E-07
-32.499	5.41E-07
-32.487	5.62E-07
-32.475	5.78E-07
-32.463	5.85E-07
-32.452	5.84E-07
-32.44	5.74E-07
-32.428	5.56E-07
-32.416	5.29E-07
-32.404	4.95E-07
-32.392	4.55E-07
-32.38	4.13E-07
-32.368	3.69E-07
-32.356	3.27E-07
-32.344	2.89E-07
-32.332	2.57E-07
-32.321	2.35E-07
-32.309	2.24E-07
-32.297	2.25E-07
-32.285	2.40E-07
-32.273	2.67E-07
-32.261	3.06E-07
-32.249	3.55E-07
-32.237	4.14E-07
-32.225	4.78E-07
-32.213	5.46E-07
-32.201	6.13E-07
-32.19	6.78E-07
-32.178	7.37E-07
-32.166	7.89E-07
-32.154	8.32E-07
-32.142	8.65E-07
-32.13	8.88E-07
-32.118	9.04E-07
-32.106	9.15E-07
-32.094	9.25E-07
-32.082	9.37E-07
-32.07	9.57E-07
-32.059	9.90E-07
-32.047	1.04E-06
-32.035	1.12E-06
-32.023	1.23E-06
-32.011	1.37E-06
-31.999	1.55E-06
-31.987	1.77E-06
-31.975	2.04E-06
-31.963	2.34E-06
-31.951	2.68E-06
-31.939	3.06E-06
-31.928	3.46E-06
-31.916	3.89E-06
-31.904	4.33E-06
-31.892	4.77E-06
-31.88	5.21E-06
-31.868	5.63E-06
-31.856	6.03E-06
-31.844	6.39E-06
-31.832	6.70E-06
-31.82	6.97E-06
-31.808	7.18E-06
-31.797	7.32E-06
-31.785	7.40E-06
-31.773	7.41E-06
-31.761	7.36E-06
-31.749	7.25E-06
-31.737	7.07E-06
-31.725	6.84E-06
-31.713	6.56E-06
-31.701	6.24E-06
-31.689	5.89E-06
-31.677	5.51E-06
-31.666	5.12E-06
-31.654	4.71E-06
-31.642	4.31E-06
-31.63	3.91E-06
-31.618	3.53E-06
-31.606	3.16E-06
-31.594	2.82E-06
-31.582	2.50E-06
-31.57	2.20E-06
-31.558	1.94E-06
-31.546	1.70E-06
-31.535	1.48E-06
-31.523	1.30E-06
-31.511	1.13E-06
-31.499	9.89E-07
-31.487	8.67E-07
-31.475	7.62E-07
-31.463	6.72E-07
-31.451	5.95E-07
-31.439	5.29E-07
-31.427	4.73E-07
-31.415	4.25E-07
-31.404	3.82E-07
-31.392	3.45E-07
-31.38	3.12E-07
-31.368	2.82E-07
-31.356	2.55E-07
-31.344	2.31E-07
-31.332	2.08E-07
-31.32	1.87E-07
-31.308	1.68E-07
-31.296	1.50E-07
-31.284	1.34E-07
-31.273	1.20E-07
-31.261	1.07E-07
-31.249	9.57E-08
-31.237	8.65E-08
-31.225	7.93E-08
-31.213	7.43E-08
-31.201	7.15E-08
-31.189	7.09E-08
-31.177	7.27E-08
-31.165	7.66E-08
-31.153	8.26E-08
-31.142	9.05E-08
-31.13	1.00E-07
-31.118	1.11E-07
-31.106	1.23E-07
-31.094	1.35E-07
-31.082	1.47E-07
-31.07	1.58E-07
-31.058	1.69E-07
-31.046	1.78E-07
-31.034	1.85E-07
-31.022	1.91E-07
-31.011	1.93E-07
-30.999	1.94E-07
-30.987	1.92E-07
-30.975	1.87E-07
-30.963	1.81E-07
-30.951	1.72E-07
-30.939	1.62E-07
-30.927	1.51E-07
-30.915	1.39E-07
-30.903	1.26E-07
-30.891	1.14E-07
-30.88	1.02E-07
-30.868	9.12E-08
-30.856	8.11E-08
-30.844	7.20E-08
-30.832	6.42E-08
-30.82	5.75E-08
-30.808	5.19E-08
-30.796	4.74E-08
-30.784	4.38E-08
-30.772	4.09E-08
-30.76	3.87E-08
-30.749	3.70E-08
-30.737	3.58E-08
-30.725	3.49E-08
-30.713	3.42E-08
-30.701	3.39E-08
-30.689	3.38E-08
-30.677	3.40E-08
-30.665	3.44E-08
-30.653	3.51E-08
-30.641	3.60E-08
-30.629	3.71E-08
-30.618	3.82E-08
-30.606	3.93E-08
-30.594	4.02E-08
-30.582	4.09E-08
-30.57	4.11E-08
-30.558	4.09E-08
-30.546	4.00E-08
-30.534	3.86E-08
-30.522	3.66E-08
-30.51	3.41E-08
-30.498	3.14E-08
-30.487	2.86E-08
-30.475	2.61E-08
-30.463	2.41E-08
-30.451	2.29E-08
-30.439	2.28E-08
-30.427	2.41E-08
-30.415	2.69E-08
-30.403	3.13E-08
-30.391	3.72E-08
-30.379	4.44E-08
-30.367	5.28E-08
-30.356	6.18E-08
-30.344	7.11E-08
-30.332	8.00E-08
-30.32	8.81E-08
-30.308	9.49E-08
-30.296	1.00E-07
-30.284	1.03E-07
-30.272	1.04E-07
-30.26	1.03E-07
-30.248	9.97E-08
-30.236	9.53E-08
-30.225	9.01E-08
-30.213	8.49E-08
-30.201	8.06E-08
-30.189	7.81E-08
-30.177	7.83E-08
-30.165	8.20E-08
-30.153	8.98E-08
-30.141	1.02E-07
-30.129	1.19E-07
-30.117	1.40E-07
-30.105	1.65E-07
-30.094	1.93E-07
-30.082	2.23E-07
-30.07	2.53E-07
-30.058	2.82E-07
-30.046	3.09E-07
-30.034	3.31E-07
-30.022	3.48E-07
-30.01	3.58E-07
-29.998	3.61E-07
-29.986	3.56E-07
-29.974	3.44E-07
-29.963	3.25E-07
-29.951	3.00E-07
-29.939	2.71E-07
-29.927	2.40E-07
-29.915	2.09E-07
-29.903	1.80E-07
-29.891	1.55E-07
-29.879	1.36E-07
-29.867	1.24E-07
-29.855	1.20E-07
-29.843	1.26E-07
-29.832	1.40E-07
-29.82	1.62E-07
-29.808	1.91E-07
-29.796	2.24E-07
-29.784	2.60E-07
-29.772	2.96E-07
-29.76	3.30E-07
-29.748	3.59E-07
-29.736	3.82E-07
-29.724	3.96E-07
-29.712	4.00E-07
-29.701	3.95E-07
-29.689	3.82E-07
-29.677	3.60E-07
-29.665	3.33E-07
-29.653	3.03E-07
-29.641	2.73E-07
-29.629	2.46E-07
-29.617	2.25E-07
-29.605	2.14E-07
-29.593	2.16E-07
-29.581	2.31E-07
-29.57	2.62E-07
-29.558	3.08E-07
-29.546	3.69E-07
-29.534	4.43E-07
-29.522	5.29E-07
-29.51	6.23E-07
-29.498	7.21E-07
-29.486	8.21E-07
-29.474	9.19E-07
-29.462	1.01E-06
-29.45	1.10E-06
-29.439	1.18E-06
-29.427	1.25E-06
-29.415	1.31E-06
-29.403	1.37E-06
-29.391	1.43E-06
-29.379	1.49E-06
-29.367	1.56E-06
-29.355	1.63E-06
-29.343	1.72E-06
-29.331	1.82E-06
-29.319	1.95E-06
-29.308	2.09E-06
-29.296	2.26E-06
-29.284	2.44E-06
-29.272	2.63E-06
-29.26	2.82E-06
-29.248	3.01E-06
-29.236	3.19E-06
-29.224	3.35E-06
-29.212	3.48E-06
-29.2	3.57E-06
-29.188	3.62E-06
-29.177	3.61E-06
-29.165	3.55E-06
-29.153	3.43E-06
-29.141	3.27E-06
-29.129	3.07E-06
-29.117	2.83E-06
-29.105	2.57E-06
-29.093	2.32E-06
-29.081	2.07E-06
-29.069	1.86E-06
-29.058	1.69E-06
-29.046	1.59E-06
-29.034	1.56E-06
-29.022	1.62E-06
-29.01	1.77E-06
-28.998	2.02E-06
-28.986	2.35E-06
-28.974	2.76E-06
-28.962	3.24E-06
-28.95	3.78E-06
-28.938	4.35E-06
-28.927	4.93E-06
-28.915	5.51E-06
-28.903	6.07E-06
-28.891	6.59E-06
-28.879	7.07E-06
-28.867	7.52E-06
-28.855	7.92E-06
-28.843	8.31E-06
-28.831	8.70E-06
-28.819	9.13E-06
-28.807	9.64E-06
-28.796	1.03E-05
-28.784	1.11E-05
-28.772	1.21E-05
-28.76	1.34E-05
-28.748	1.51E-05
-28.736	1.71E-05
-28.724	1.95E-05
-28.712	2.24E-05
-28.7	2.57E-05
-28.688	2.95E-05
-28.676	3.36E-05
-28.665	3.82E-05
-28.653	4.30E-05
-28.641	4.81E-05
-28.629	5.34E-05
-28.617	5.87E-05
-28.605	6.39E-05
-28.593	6.90E-05
-28.581	7.38E-05
-28.569	7.81E-05
-28.557	8.20E-05
-28.545	8.52E-05
-28.534	8.78E-05
-28.522	8.96E-05
-28.51	9.05E-05
-28.498	9.07E-05
-28.486	9.00E-05
-28.474	8.85E-05
-28.462	8.63E-05
-28.45	8.33E-05
-28.438	7.98E-05
-28.426	7.57E-05
-28.414	7.12E-05
-28.403	6.63E-05
-28.391	6.13E-05
-28.379	5.61E-05
-28.367	5.09E-05
-28.355	4.59E-05
-28.343	4.10E-05
-28.331	3.64E-05
-28.319	3.20E-05
-28.307	2.81E-05
-28.295	2.45E-05
-28.283	2.14E-05
-28.272	1.86E-05
-28.26	1.63E-05
-28.248	1.43E-05
-28.236	1.27E-05
-28.224	1.13E-05
-28.212	1.02E-05
-28.2	9.31E-06
-28.188	8.58E-06
-28.176	7.97E-06
-28.164	7.45E-06
-28.152	6.99E-06
-28.141	6.55E-06
-28.129	6.12E-06
-28.117	5.68E-06
-28.105	5.24E-06
-28.093	4.78E-06
-28.081	4.32E-06
-28.069	3.85E-06
-28.057	3.39E-06
-28.045	2.95E-06
-28.033	2.53E-06
-28.021	2.16E-06
-28.01	1.83E-06
-27.998	1.55E-06
-27.986	1.33E-06
-27.974	1.16E-06
-27.962	1.06E-06
-27.95	9.98E-07
-27.938	9.86E-07
-27.926	1.01E-06
-27.914	1.07E-06
-27.902	1.14E-06
-27.89	1.22E-06
-27.879	1.31E-06
-27.867	1.39E-06
-27.855	1.46E-06
-27.843	1.51E-06
-27.831	1.53E-06
-27.819	1.54E-06
-27.807	1.52E-06
-27.795	1.48E-06
-27.783	1.43E-06
-27.771	1.35E-06
-27.759	1.27E-06
-27.748	1.17E-06
-27.736	1.07E-06
-27.724	9.76E-07
-27.712	8.81E-07
-27.7	7.93E-07
-27.688	7.12E-07
-27.676	6.41E-07
-27.664	5.80E-07
-27.652	5.28E-07
-27.64	4.87E-07
-27.628	4.53E-07
-27.617	4.27E-07
-27.605	4.06E-07
-27.593	3.89E-07
-27.581	3.75E-07
-27.569	3.63E-07
-27.557	3.50E-07
-27.545	3.37E-07
-27.533	3.23E-07
-27.521	3.07E-07
-27.509	2.90E-07
-27.497	2.71E-07
-27.486	2.51E-07
-27.474	2.31E-07
-27.462	2.11E-07
-27.45	1.90E-07
-27.438	1.71E-07
-27.426	1.52E-07
-27.414	1.35E-07
-27.402	1.20E-07
-27.39	1.06E-07
-27.378	9.46E-08
-27.366	8.45E-08
-27.355	7.61E-08
-27.343	6.92E-08
-27.331	6.36E-08
-27.319	5.91E-08
-27.307	5.56E-08
-27.295	5.28E-08
-27.283	5.06E-08
-27.271	4.88E-08
-27.259	4.73E-08
-27.247	4.58E-08
-27.235	4.43E-08
-27.224	4.28E-08
-27.212	4.12E-08
-27.2	3.94E-08
-27.188	3.74E-08
-27.176	3.53E-08
-27.164	3.31E-08
-27.152	3.08E-08
-27.14	2.85E-08
-27.128	2.63E-08
-27.116	2.43E-08
-27.104	2.25E-08
-27.093	2.11E-08
-27.081	2.00E-08
-27.069	1.94E-08
-27.057	1.92E-08
-27.045	1.94E-08
-27.033	2.01E-08
-27.021	2.11E-08
-27.009	2.24E-08
-26.997	2.39E-08
-26.985	2.56E-08
-26.973	2.74E-08
-26.962	2.94E-08
-26.95	3.14E-08
-26.938	3.37E-08
-26.926	3.62E-08
-26.914	3.90E-08
-26.902	4.24E-08
-26.89	4.64E-08
-26.878	5.11E-08
-26.866	5.67E-08
-26.854	6.31E-08
-26.842	7.04E-08
-26.831	7.84E-08
-26.819	8.70E-08
-26.807	9.58E-08
-26.795	1.05E-07
-26.783	1.13E-07
-26.771	1.20E-07
-26.759	1.26E-07
-26.747	1.30E-07
-26.735	1.32E-07
-26.723	1.32E-07
-26.711	1.29E-07
-26.7	1.23E-07
-26.688	1.16E-07
-26.676	1.07E-07
-26.664	9.66E-08
-26.652	8.61E-08
-26.64	7.60E-08
-26.628	6.73E-08
-26.616	6.07E-08
-26.604	5.70E-08
-26.592	5.68E-08
-26.58	6.04E-08
-26.569	6.80E-08
-26.557	7.94E-08
-26.545	9.42E-08
-26.533	1.12E-07
-26.521	1.31E-07
-26.509	1.50E-07
-26.497	1.69E-07
-26.485	1.86E-07
-26.473	2.00E-07
-26.461	2.10E-07
-26.449	2.16E-07
-26.438	2.16E-07
-26.426	2.11E-07
-26.414	2.03E-07
-26.402	1.91E-07
-26.39	1.77E-07
-26.378	1.63E-07
-26.366	1.51E-07
-26.354	1.43E-07
-26.342	1.40E-07
-26.33	1.44E-07
-26.318	1.57E-07
-26.307	1.80E-07
-26.295	2.13E-07
-26.283	2.56E-07
-26.271	3.08E-07
-26.259	3.68E-07
-26.247	4.35E-07
-26.235	5.05E-07
-26.223	5.78E-07
-26.211	6.51E-07
-26.199	7.22E-07
-26.187	7.90E-07
-26.176	8.53E-07
-26.164	9.12E-07
-26.152	9.68E-07
-26.14	1.02E-06
-26.128	1.07E-06
-26.116	1.13E-06
-26.104	1.19E-06
-26.092	1.25E-06
-26.08	1.33E-06
-26.068	1.42E-06
-26.056	1.53E-06
-26.045	1.65E-06
-26.033	1.78E-06
-26.021	1.93E-06
-26.009	2.08E-06
-25.997	2.24E-06
-25.985	2.39E-06
-25.973	2.53E-06
-25.961	2.66E-06
-25.949	2.76E-06
-25.937	2.83E-06
-25.925	2.87E-06
-25.914	2.86E-06
-25.902	2.81E-06
-25.89	2.72E-06
-25.878	2.59E-06
-25.866	2.43E-06
-25.854	2.24E-06
-25.842	2.04E-06
-25.83	1.84E-06
-25.818	1.65E-06
-25.806	1.48E-06
-25.794	1.36E-06
-25.783	1.29E-06
-25.771	1.29E-06
-25.759	1.36E-06
-25.747	1.51E-06
-25.735	1.74E-06
-25.723	2.04E-06
-25.711	2.41E-06
-25.699	2.84E-06
-25.687	3.32E-06
-25.675	3.83E-06
-25.663	4.35E-06
-25.652	4.87E-06
-25.64	5.38E-06
-25.628	5.86E-06
-25.616	6.32E-06
-25.604	6.75E-06
-25.592	7.16E-06
-25.58	7.57E-06
-25.568	8.00E-06
-25.556	8.48E-06
-25.544	9.05E-06
-25.532	9.76E-06
-25.521	1.06E-05
-25.509	1.18E-05
-25.497	1.31E-05
-25.485	1.48E-05
-25.473	1.69E-05
-25.461	1.94E-05
-25.449	2.22E-05
-25.437	2.55E-05
-25.425	2.91E-05
-25.413	3.32E-05
-25.401	3.75E-05
-25.39	4.21E-05
-25.378	4.70E-05
-25.366	5.19E-05
-25.354	5.68E-05
-25.342	6.17E-05
-25.33	6.64E-05
-25.318	7.07E-05
-25.306	7.47E-05
-25.294	7.82E-05
-25.282	8.11E-05
-25.271	8.33E-05
-25.259	8.48E-05
-25.247	8.56E-05
-25.235	8.55E-05
-25.223	8.47E-05
-25.211	8.31E-05
-25.199	8.08E-05
-25.187	7.79E-05
-25.175	7.43E-05
-25.163	7.03E-05
-25.151	6.59E-05
-25.14	6.12E-05
-25.128	5.63E-05
-25.116	5.14E-05
-25.104	4.65E-05
-25.092	4.17E-05
-25.08	3.71E-05
-25.068	3.28E-05
-25.056	2.88E-05
-25.044	2.52E-05
-25.032	2.20E-05
-25.02	1.92E-05
-25.009	1.67E-05
-24.997	1.47E-05
-24.985	1.29E-05
-24.973	1.15E-05
-24.961	1.03E-05
-24.949	9.40E-06
-24.937	8.64E-06
-24.925	8.02E-06
-24.913	7.50E-06
-24.901	7.04E-06
-24.889	6.62E-06
-24.878	6.22E-06
-24.866	5.81E-06
-24.854	5.40E-06
-24.842	4.97E-06
-24.83	4.52E-06
-24.818	4.07E-06
-24.806	3.62E-06
-24.794	3.17E-06
-24.782	2.75E-06
-24.77	2.36E-06
-24.758	2.00E-06
-24.747	1.70E-06
-24.735	1.44E-06
-24.723	1.24E-06
-24.711	1.09E-06
-24.699	9.92E-07
-24.687	9.42E-07
-24.675	9.31E-07
-24.663	9.52E-07
-24.651	9.96E-07
-24.639	1.05E-06
-24.627	1.12E-06
-24.616	1.18E-06
-24.604	1.23E-06
-24.592	1.27E-06
-24.58	1.29E-06
-24.568	1.29E-06
-24.556	1.27E-06
-24.544	1.23E-06
-24.532	1.17E-06
-24.52	1.10E-06
-24.508	1.02E-06
-24.496	9.30E-07
-24.485	8.41E-07
-24.473	7.52E-07
-24.461	6.68E-07
-24.449	5.91E-07
-24.437	5.23E-07
-24.425	4.65E-07
-24.413	4.17E-07
-24.401	3.80E-07
-24.389	3.51E-07
-24.377	3.31E-07
-24.365	3.17E-07
-24.354	3.07E-07
-24.342	3.01E-07
-24.33	2.96E-07
-24.318	2.91E-07
-24.306	2.85E-07
-24.294	2.77E-07
-24.282	2.68E-07
-24.27	2.56E-07
-24.258	2.42E-07
-24.246	2.27E-07
-24.234	2.10E-07
-24.223	1.94E-07
-24.211	1.77E-07
-24.199	1.61E-07
-24.187	1.46E-07
-24.175	1.32E-07
-24.163	1.21E-07
-24.151	1.11E-07
-24.139	1.02E-07
-24.127	9.56E-08
-24.115	9.02E-08
-24.103	8.59E-08
-24.092	8.23E-08
-24.08	7.93E-08
-24.068	7.66E-08
-24.056	7.40E-08
-24.044	7.13E-08
-24.032	6.85E-08
-24.02	6.56E-08
-24.008	6.25E-08
-23.996	5.94E-08
-23.984	5.63E-08
-23.972	5.32E-08
-23.961	5.02E-08
-23.949	4.74E-08
-23.937	4.47E-08
-23.925	4.23E-08
-23.913	3.99E-08
-23.901	3.77E-08
-23.889	3.55E-08
-23.877	3.33E-08
-23.865	3.12E-08
-23.853	2.91E-08
-23.841	2.70E-08
-23.83	2.49E-08
-23.818	2.29E-08
-23.806	2.11E-08
-23.794	1.96E-08
-23.782	1.83E-08
-23.77	1.74E-08
-23.758	1.69E-08
-23.746	1.68E-08
-23.734	1.71E-08
-23.722	1.78E-08
-23.71	1.89E-08
-23.699	2.01E-08
-23.687	2.15E-08
-23.675	2.30E-08
-23.663	2.45E-08
-23.651	2.58E-08
-23.639	2.71E-08
-23.627	2.82E-08
-23.615	2.91E-08
-23.603	2.99E-08
-23.591	3.06E-08
-23.579	3.14E-08
-23.568	3.22E-08
-23.556	3.31E-08
-23.544	3.41E-08
-23.532	3.52E-08
-23.52	3.65E-08
-23.508	3.79E-08
-23.496	3.92E-08
-23.484	4.03E-08
-23.472	4.12E-08
-23.46	4.16E-08
-23.448	4.16E-08
-23.437	4.10E-08
-23.425	3.97E-08
-23.413	3.79E-08
-23.401	3.56E-08
-23.389	3.30E-08
-23.377	3.03E-08
-23.365	2.78E-08
-23.353	2.58E-08
-23.341	2.46E-08
-23.329	2.43E-08
-23.317	2.53E-08
-23.306	2.77E-08
-23.294	3.15E-08
-23.282	3.67E-08
-23.27	4.30E-08
-23.258	5.02E-08
-23.246	5.78E-08
-23.234	6.54E-08
-23.222	7.26E-08
-23.21	7.89E-08
-23.198	8.38E-08
-23.186	8.70E-08
-23.175	8.84E-08
-23.163	8.80E-08
-23.151	8.58E-08
-23.139	8.23E-08
-23.127	7.80E-08
-23.115	7.36E-08
-23.103	6.98E-08
-23.091	6.77E-08
-23.079	6.79E-08
-23.067	7.14E-08
-23.055	7.87E-08
-23.044	9.04E-08
-23.032	1.07E-07
-23.02	1.28E-07
-23.008	1.53E-07
-22.996	1.82E-07
-22.984	2.14E-07
-22.972	2.48E-07
-22.96	2.83E-07
-22.948	3.19E-07
-22.936	3.54E-07
-22.924	3.88E-07
-22.913	4.20E-07
-22.901	4.51E-07
-22.889	4.80E-07
-22.877	5.09E-07
-22.865	5.38E-07
-22.853	5.68E-07
-22.841	6.01E-07
-22.829	6.38E-07
-22.817	6.81E-07
-22.805	7.30E-07
-22.793	7.87E-07
-22.782	8.50E-07
-22.77	9.20E-07
-22.758	9.96E-07
-22.746	1.08E-06
-22.734	1.16E-06
-22.722	1.23E-06
-22.71	1.30E-06
-22.698	1.37E-06
-22.686	1.42E-06
-22.674	1.45E-06
-22.662	1.46E-06
-22.651	1.46E-06
-22.639	1.43E-06
-22.627	1.38E-06
-22.615	1.30E-06
-22.603	1.22E-06
-22.591	1.12E-06
-22.579	1.02E-06
-22.567	9.14E-07
-22.555	8.20E-07
-22.543	7.42E-07
-22.531	6.87E-07
-22.52	6.63E-07
-22.508	6.74E-07
-22.496	7.24E-07
-22.484	8.16E-07
-22.472	9.49E-07
-22.46	1.12E-06
-22.448	1.33E-06
-22.436	1.56E-06
-22.424	1.82E-06
-22.412	2.09E-06
-22.4	2.37E-06
-22.389	2.65E-06
-22.377	2.91E-06
-22.365	3.17E-06
-22.353	3.41E-06
-22.341	3.64E-06
-22.329	3.86E-06
-22.317	4.09E-06
-22.305	4.33E-06
-22.293	4.60E-06
-22.281	4.93E-06
-22.269	5.34E-06
-22.258	5.86E-06
-22.246	6.50E-06
-22.234	7.29E-06
-22.222	8.26E-06
-22.21	9.43E-06
-22.198	1.08E-05
-22.186	1.24E-05
-22.174	1.42E-05
-22.162	1.62E-05
-22.15	1.84E-05
-22.138	2.07E-05
-22.127	2.32E-05
-22.115	2.58E-05
-22.103	2.84E-05
-22.091	3.09E-05
-22.079	3.35E-05
-22.067	3.58E-05
-22.055	3.80E-05
-22.043	4.00E-05
-22.031	4.16E-05
-22.019	4.29E-05
-22.007	4.38E-05
-21.996	4.44E-05
-21.984	4.45E-05
-21.972	4.42E-05
-21.96	4.35E-05
-21.948	4.24E-05
-21.936	4.10E-05
-21.924	3.92E-05
-21.912	3.72E-05
-21.9	3.50E-05
-21.888	3.26E-05
-21.876	3.01E-05
-21.865	2.76E-05
-21.853	2.50E-05
-21.841	2.25E-05
-21.829	2.01E-05
-21.817	1.78E-05
-21.805	1.57E-05
-21.793	1.37E-05
-21.781	1.20E-05
-21.769	1.04E-05
-21.757	9.08E-06
-21.745	7.93E-06
-21.734	6.97E-06
-21.722	6.17E-06
-21.71	5.51E-06
-21.698	4.98E-06
-21.686	4.54E-06
-21.674	4.19E-06
-21.662	3.89E-06
-21.65	3.63E-06
-21.638	3.39E-06
-21.626	3.17E-06
-21.614	2.94E-06
-21.603	2.72E-06
-21.591	2.49E-06
-21.579	2.25E-06
-21.567	2.01E-06
-21.555	1.78E-06
-21.543	1.55E-06
-21.531	1.33E-06
-21.519	1.13E-06
-21.507	9.52E-07
-21.495	7.99E-07
-21.483	6.73E-07
-21.472	5.76E-07
-21.46	5.06E-07
-21.448	4.62E-07
-21.436	4.41E-07
-21.424	4.38E-07
-21.412	4.49E-07
-21.4	4.70E-07
-21.388	4.96E-07
-21.376	5.22E-07
-21.364	5.45E-07
-21.353	5.61E-07
-21.341	5.70E-07
-21.329	5.68E-07
-21.317	5.56E-07
-21.305	5.35E-07
-21.293	5.05E-07
-21.281	4.69E-07
-21.269	4.28E-07
-21.257	3.84E-07
-21.245	3.41E-07
-21.233	2.99E-07
-21.222	2.62E-07
-21.21	2.29E-07
-21.198	2.02E-07
-21.186	1.81E-07
-21.174	1.67E-07
-21.162	1.57E-07
-21.15	1.53E-07
-21.138	1.51E-07
-21.126	1.52E-07
-21.114	1.54E-07
-21.102	1.56E-07
-21.091	1.56E-07
-21.079	1.55E-07
-21.067	1.51E-07
-21.055	1.45E-07
-21.043	1.36E-07
-21.031	1.25E-07
-21.019	1.12E-07
-21.007	9.87E-08
-20.995	8.50E-08
-20.983	7.18E-08
-20.971	5.99E-08
-20.96	4.97E-08
-20.948	4.17E-08
-20.936	3.60E-08
-20.924	3.27E-08
-20.912	3.16E-08
-20.9	3.24E-08
-20.888	3.47E-08
-20.876	3.79E-08
-20.864	4.15E-08
-20.852	4.51E-08
-20.84	4.81E-08
-20.829	5.02E-08
-20.817	5.12E-08
-20.805	5.10E-08
-20.793	4.96E-08
-20.781	4.71E-08
-20.769	4.37E-08
-20.757	3.98E-08
-20.745	3.56E-08
-20.733	3.16E-08
-20.721	2.81E-08
-20.709	2.52E-08
-20.698	2.32E-08
-20.686	2.22E-08
-20.674	2.22E-08
-20.662	2.30E-08
-20.65	2.46E-08
-20.638	2.67E-08
-20.626	2.89E-08
-20.614	3.12E-08
-20.602	3.31E-08
-20.59	3.46E-08
-20.578	3.53E-08
-20.567	3.54E-08
-20.555	3.46E-08
-20.543	3.32E-08
-20.531	3.12E-08
-20.519	2.88E-08
-20.507	2.62E-08
-20.495	2.36E-08
-20.483	2.14E-08
-20.471	1.96E-08
-20.459	1.85E-08
-20.447	1.82E-08
-20.436	1.87E-08
-20.424	1.99E-08
-20.412	2.19E-08
-20.4	2.45E-08
-20.388	2.74E-08
-20.376	3.06E-08
-20.364	3.37E-08
-20.352	3.66E-08
-20.34	3.91E-08
-20.328	4.10E-08
-20.316	4.22E-08
-20.305	4.28E-08
-20.293	4.26E-08
-20.281	4.18E-08
-20.269	4.04E-08
-20.257	3.85E-08
-20.245	3.63E-08
-20.233	3.39E-08
-20.221	3.15E-08
-20.209	2.92E-08
-20.197	2.71E-08
-20.185	2.54E-08
-20.174	2.40E-08
-20.162	2.29E-08
-20.15	2.23E-08
-20.138	2.21E-08
-20.126	2.23E-08
-20.114	2.27E-08
-20.102	2.35E-08
-20.09	2.45E-08
-20.078	2.58E-08
-20.066	2.72E-08
-20.054	2.89E-08
-20.043	3.06E-08
-20.031	3.25E-08
-20.019	3.45E-08
-20.007	3.66E-08
-19.995	3.86E-08
-19.983	4.06E-08
-19.971	4.24E-08
-19.959	4.40E-08
-19.947	4.53E-08
-19.935	4.63E-08
-19.923	4.69E-08
-19.912	4.71E-08
-19.9	4.71E-08
-19.888	4.69E-08
-19.876	4.66E-08
-19.864	4.66E-08
-19.852	4.69E-08
-19.84	4.81E-08
-19.828	5.02E-08
-19.816	5.38E-08
-19.804	5.89E-08
-19.792	6.60E-08
-19.781	7.50E-08
-19.769	8.61E-08
-19.757	9.93E-08
-19.745	1.14E-07
-19.733	1.31E-07
-19.721	1.49E-07
-19.709	1.68E-07
-19.697	1.88E-07
-19.685	2.08E-07
-19.673	2.27E-07
-19.661	2.46E-07
-19.65	2.65E-07
-19.638	2.83E-07
-19.626	3.01E-07
-19.614	3.20E-07
-19.602	3.39E-07
-19.59	3.60E-07
-19.578	3.83E-07
-19.566	4.10E-07
-19.554	4.41E-07
-19.542	4.76E-07
-19.53	5.16E-07
-19.519	5.61E-07
-19.507	6.11E-07
-19.495	6.65E-07
-19.483	7.22E-07
-19.471	7.80E-07
-19.459	8.36E-07
-19.447	8.90E-07
-19.435	9.38E-07
-19.423	9.77E-07
-19.411	1.01E-06
-19.399	1.02E-06
-19.388	1.02E-06
-19.376	1.01E-06
-19.364	9.85E-07
-19.352	9.44E-07
-19.34	8.91E-07
-19.328	8.29E-07
-19.316	7.61E-07
-19.304	6.93E-07
-19.292	6.28E-07
-19.28	5.72E-07
-19.268	5.31E-07
-19.257	5.09E-07
-19.245	5.10E-07
-19.233	5.39E-07
-19.221	5.98E-07
-19.209	6.88E-07
-19.197	8.08E-07
-19.185	9.58E-07
-19.173	1.13E-06
-19.161	1.33E-06
-19.149	1.55E-06
-19.137	1.77E-06
-19.126	2.01E-06
-19.114	2.25E-06
-19.102	2.48E-06
-19.09	2.72E-06
-19.078	2.96E-06
-19.066	3.20E-06
-19.054	3.45E-06
-19.042	3.73E-06
-19.03	4.04E-06
-19.018	4.40E-06
-19.006	4.83E-06
-18.995	5.35E-06
-18.983	5.98E-06
-18.971	6.75E-06
-18.959	7.66E-06
-18.947	8.74E-06
-18.935	1.00E-05
-18.923	1.15E-05
-18.911	1.31E-05
-18.899	1.49E-05
-18.887	1.69E-05
-18.875	1.91E-05
-18.864	2.13E-05
-18.852	2.37E-05
-18.84	2.61E-05
-18.828	2.86E-05
-18.816	3.09E-05
-18.804	3.32E-05
-18.792	3.54E-05
-18.78	3.73E-05
-18.768	3.90E-05
-18.756	4.04E-05
-18.744	4.15E-05
-18.733	4.22E-05
-18.721	4.25E-05
-18.709	4.25E-05
-18.697	4.20E-05
-18.685	4.11E-05
-18.673	3.99E-05
-18.661	3.83E-05
-18.649	3.64E-05
-18.637	3.43E-05
-18.625	3.20E-05
-18.613	2.95E-05
-18.602	2.70E-05
-18.59	2.44E-05
-18.578	2.19E-05
-18.566	1.95E-05
-18.554	1.72E-05
-18.542	1.51E-05
-18.53	1.31E-05
-18.518	1.14E-05
-18.506	9.93E-06
-18.494	8.68E-06
-18.482	7.65E-06
-18.471	6.82E-06
-18.459	6.18E-06
-18.447	5.70E-06
-18.435	5.36E-06
-18.423	5.12E-06
-18.411	4.95E-06
-18.399	4.83E-06
-18.387	4.73E-06
-18.375	4.63E-06
-18.363	4.51E-06
-18.351	4.36E-06
-18.34	4.17E-06
-18.328	3.94E-06
-18.316	3.68E-06
-18.304	3.38E-06
-18.292	3.06E-06
-18.28	2.73E-06
-18.268	2.40E-06
-18.256	2.09E-06
-18.244	1.81E-06
-18.232	1.57E-06
-18.22	1.37E-06
-18.209	1.24E-06
-18.197	1.16E-06
-18.185	1.14E-06
-18.173	1.18E-06
-18.161	1.27E-06
-18.149	1.40E-06
-18.137	1.57E-06
-18.125	1.76E-06
-18.113	1.96E-06
-18.101	2.16E-06
-18.089	2.36E-06
-18.078	2.53E-06
-18.066	2.68E-06
-18.054	2.79E-06
-18.042	2.87E-06
-18.03	2.91E-06
-18.018	2.91E-06
-18.006	2.87E-06
-17.994	2.81E-06
-17.982	2.71E-06
-17.97	2.59E-06
-17.958	2.46E-06
-17.947	2.32E-06
-17.935	2.17E-06
-17.923	2.02E-06
-17.911	1.87E-06
-17.899	1.72E-06
-17.887	1.59E-06
-17.875	1.46E-06
-17.863	1.35E-06
-17.851	1.24E-06
-17.839	1.14E-06
-17.827	1.05E-06
-17.816	9.57E-07
-17.804	8.72E-07
-17.792	7.91E-07
-17.78	7.12E-07
-17.768	6.36E-07
-17.756	5.62E-07
-17.744	4.92E-07
-17.732	4.27E-07
-17.72	3.67E-07
-17.708	3.14E-07
-17.696	2.69E-07
-17.685	2.33E-07
-17.673	2.07E-07
-17.661	1.91E-07
-17.649	1.84E-07
-17.637	1.85E-07
-17.625	1.94E-07
-17.613	2.09E-07
-17.601	2.26E-07
-17.589	2.46E-07
-17.577	2.64E-07
-17.565	2.79E-07
-17.554	2.90E-07
-17.542	2.95E-07
-17.53	2.93E-07
-17.518	2.84E-07
-17.506	2.69E-07
-17.494	2.48E-07
-17.482	2.24E-07
-17.47	1.97E-07
-17.458	1.70E-07
-17.446	1.45E-07
-17.435	1.24E-07
-17.423	1.08E-07
-17.411	9.85E-08
-17.399	9.68E-08
-17.387	1.03E-07
-17.375	1.16E-07
-17.363	1.36E-07
-17.351	1.61E-07
-17.339	1.90E-07
-17.327	2.19E-07
-17.315	2.47E-07
-17.304	2.72E-07
-17.292	2.92E-07
-17.28	3.06E-07
-17.268	3.12E-07
-17.256	3.10E-07
-17.244	3.01E-07
-17.232	2.85E-07
-17.22	2.63E-07
-17.208	2.37E-07
-17.196	2.10E-07
-17.184	1.84E-07
-17.173	1.61E-07
-17.161	1.43E-07
-17.149	1.32E-07
-17.137	1.30E-07
-17.125	1.36E-07
-17.113	1.51E-07
-17.101	1.76E-07
-17.089	2.07E-07
-17.077	2.44E-07
-17.065	2.84E-07
-17.053	3.25E-07
-17.042	3.64E-07
-17.03	3.99E-07
-17.018	4.28E-07
-17.006	4.48E-07
-16.994	4.58E-07
-16.982	4.58E-07
-16.97	4.48E-07
-16.958	4.27E-07
-16.946	3.99E-07
-16.934	3.63E-07
-16.922	3.23E-07
-16.911	2.82E-07
-16.899	2.40E-07
-16.887	2.02E-07
-16.875	1.69E-07
-16.863	1.43E-07
-16.851	1.24E-07
-16.839	1.15E-07
-16.827	1.15E-07
-16.815	1.22E-07
-16.803	1.37E-07
-16.791	1.56E-07
-16.78	1.79E-07
-16.768	2.03E-07
-16.756	2.27E-07
-16.744	2.47E-07
-16.732	2.62E-07
-16.72	2.71E-07
-16.708	2.73E-07
-16.696	2.69E-07
-16.684	2.58E-07
-16.672	2.41E-07
-16.66	2.19E-07
-16.649	1.95E-07
-16.637	1.70E-07
-16.625	1.46E-07
-16.613	1.24E-07
-16.601	1.07E-07
-16.589	9.56E-08
-16.577	9.06E-08
-16.565	9.24E-08
-16.553	1.01E-07
-16.541	1.15E-07
-16.529	1.35E-07
-16.518	1.58E-07
-16.506	1.83E-07
-16.494	2.09E-07
-16.482	2.33E-07
-16.47	2.55E-07
-16.458	2.74E-07
-16.446	2.88E-07
-16.434	2.98E-07
-16.422	3.03E-07
-16.41	3.05E-07
-16.398	3.03E-07
-16.387	3.00E-07
-16.375	2.95E-07
-16.363	2.91E-07
-16.351	2.88E-07
-16.339	2.88E-07
-16.327	2.89E-07
-16.315	2.94E-07
-16.303	3.01E-07
-16.291	3.10E-07
-16.279	3.20E-07
-16.267	3.30E-07
-16.256	3.38E-07
-16.244	3.43E-07
-16.232	3.45E-07
-16.22	3.41E-07
-16.208	3.32E-07
-16.196	3.17E-07
-16.184	2.97E-07
-16.172	2.72E-07
-16.16	2.45E-07
-16.148	2.16E-07
-16.136	1.87E-07
-16.125	1.60E-07
-16.113	1.37E-07
-16.101	1.20E-07
-16.089	1.10E-07
-16.077	1.08E-07
-16.065	1.14E-07
-16.053	1.27E-07
-16.041	1.46E-07
-16.029	1.71E-07
-16.017	1.98E-07
-16.005	2.25E-07
-15.994	2.51E-07
-15.982	2.72E-07
-15.97	2.88E-07
-15.958	2.96E-07
-15.946	2.96E-07
-15.934	2.89E-07
-15.922	2.74E-07
-15.91	2.56E-07
-15.898	2.35E-07
-15.886	2.15E-07
-15.874	2.00E-07
-15.863	1.94E-07
-15.851	2.01E-07
-15.839	2.23E-07
-15.827	2.65E-07
-15.815	3.29E-07
-15.803	4.16E-07
-15.791	5.26E-07
-15.779	6.60E-07
-15.767	8.17E-07
-15.755	9.94E-07
-15.743	1.19E-06
-15.732	1.41E-06
-15.72	1.64E-06
-15.708	1.89E-06
-15.696	2.16E-06
-15.684	2.45E-06
-15.672	2.77E-06
-15.66	3.11E-06
-15.648	3.49E-06
-15.636	3.92E-06
-15.624	4.40E-06
-15.612	4.94E-06
-15.601	5.54E-06
-15.589	6.22E-06
-15.577	6.97E-06
-15.565	7.79E-06
-15.553	8.68E-06
-15.541	9.63E-06
-15.529	1.06E-05
-15.517	1.17E-05
-15.505	1.27E-05
-15.493	1.37E-05
-15.481	1.47E-05
-15.47	1.56E-05
-15.458	1.64E-05
-15.446	1.70E-05
-15.434	1.75E-05
-15.422	1.78E-05
-15.41	1.80E-05
-15.398	1.79E-05
-15.386	1.76E-05
-15.374	1.71E-05
-15.362	1.65E-05
-15.35	1.56E-05
-15.339	1.46E-05
-15.327	1.35E-05
-15.315	1.23E-05
-15.303	1.11E-05
-15.291	9.86E-06
-15.279	8.69E-06
-15.267	7.60E-06
-15.255	6.63E-06
-15.243	5.80E-06
-15.231	5.15E-06
-15.219	4.68E-06
-15.208	4.38E-06
-15.196	4.26E-06
-15.184	4.30E-06
-15.172	4.48E-06
-15.16	4.76E-06
-15.148	5.12E-06
-15.136	5.52E-06
-15.124	5.92E-06
-15.112	6.29E-06
-15.1	6.59E-06
-15.088	6.81E-06
-15.077	6.93E-06
-15.065	6.93E-06
-15.053	6.81E-06
-15.041	6.59E-06
-15.029	6.27E-06
-15.017	5.88E-06
-15.005	5.44E-06
-14.993	4.99E-06
-14.981	4.56E-06
-14.969	4.19E-06
-14.957	3.90E-06
-14.946	3.73E-06
-14.934	3.70E-06
-14.922	3.82E-06
-14.91	4.10E-06
-14.898	4.54E-06
-14.886	5.12E-06
-14.874	5.85E-06
-14.862	6.67E-06
-14.85	7.59E-06
-14.838	8.54E-06
-14.826	9.52E-06
-14.815	1.05E-05
-14.803	1.14E-05
-14.791	1.22E-05
-14.779	1.29E-05
-14.767	1.34E-05
-14.755	1.38E-05
-14.743	1.41E-05
-14.731	1.41E-05
-14.719	1.41E-05
-14.707	1.39E-05
-14.695	1.35E-05
-14.684	1.31E-05
-14.672	1.25E-05
-14.66	1.19E-05
-14.648	1.12E-05
-14.636	1.05E-05
-14.624	9.84E-06
-14.612	9.14E-06
-14.6	8.45E-06
-14.588	7.78E-06
-14.576	7.14E-06
-14.564	6.52E-06
-14.553	5.94E-06
-14.541	5.38E-06
-14.529	4.86E-06
-14.517	4.36E-06
-14.505	3.88E-06
-14.493	3.44E-06
-14.481	3.03E-06
-14.469	2.65E-06
-14.457	2.31E-06
-14.445	2.01E-06
-14.433	1.75E-06
-14.422	1.54E-06
-14.41	1.38E-06
-14.398	1.27E-06
-14.386	1.20E-06
-14.374	1.19E-06
-14.362	1.21E-06
-14.35	1.26E-06
-14.338	1.33E-06
-14.326	1.41E-06
-14.314	1.49E-06
-14.302	1.56E-06
-14.291	1.61E-06
-14.279	1.63E-06
-14.267	1.62E-06
-14.255	1.58E-06
-14.243	1.49E-06
-14.231	1.38E-06
-14.219	1.25E-06
-14.207	1.10E-06
-14.195	9.51E-07
-14.183	8.15E-07
-14.171	7.04E-07
-14.16	6.30E-07
-14.148	6.02E-07
-14.136	6.26E-07
-14.124	7.06E-07
-14.112	8.39E-07
-14.1	1.02E-06
-14.088	1.24E-06
-14.076	1.49E-06
-14.064	1.75E-06
-14.052	2.00E-06
-14.04	2.24E-06
-14.029	2.43E-06
-14.017	2.58E-06
-14.005	2.66E-06
-13.993	2.68E-06
-13.981	2.64E-06
-13.969	2.53E-06
-13.957	2.38E-06
-13.945	2.20E-06
-13.933	2.01E-06
-13.921	1.83E-06
-13.909	1.68E-06
-13.898	1.60E-06
-13.886	1.58E-06
-13.874	1.67E-06
-13.862	1.85E-06
-13.85	2.14E-06
-13.838	2.53E-06
-13.826	3.02E-06
-13.814	3.57E-06
-13.802	4.17E-06
-13.79	4.79E-06
-13.778	5.39E-06
-13.767	5.94E-06
-13.755	6.41E-06
-13.743	6.77E-06
-13.731	6.99E-06
-13.719	7.07E-06
-13.707	6.99E-06
-13.695	6.76E-06
-13.683	6.39E-06
-13.671	5.91E-06
-13.659	5.34E-06
-13.647	4.72E-06
-13.636	4.10E-06
-13.624	3.50E-06
-13.612	2.98E-06
-13.6	2.57E-06
-13.588	2.29E-06
-13.576	2.17E-06
-13.564	2.21E-06
-13.552	2.40E-06
-13.54	2.75E-06
-13.528	3.21E-06
-13.517	3.77E-06
-13.505	4.37E-06
-13.493	4.98E-06
-13.481	5.55E-06
-13.469	6.04E-06
-13.457	6.41E-06
-13.445	6.64E-06
-13.433	6.72E-06
-13.421	6.62E-06
-13.409	6.38E-06
-13.397	6.00E-06
-13.386	5.52E-06
-13.374	4.99E-06
-13.362	4.45E-06
-13.35	3.95E-06
-13.338	3.56E-06
-13.326	3.31E-06
-13.314	3.24E-06
-13.302	3.40E-06
-13.29	3.79E-06
-13.278	4.42E-06
-13.266	5.28E-06
-13.255	6.34E-06
-13.243	7.57E-06
-13.231	8.92E-06
-13.219	1.03E-05
-13.207	1.18E-05
-13.195	1.32E-05
-13.183	1.45E-05
-13.171	1.57E-05
-13.159	1.68E-05
-13.147	1.78E-05
-13.135	1.86E-05
-13.124	1.93E-05
-13.112	2.00E-05
-13.1	2.07E-05
-13.088	2.14E-05
-13.076	2.23E-05
-13.064	2.34E-05
-13.052	2.47E-05
-13.04	2.62E-05
-13.028	2.80E-05
-13.016	3.01E-05
-13.004	3.24E-05
-12.993	3.49E-05
-12.981	3.74E-05
-12.969	4.00E-05
-12.957	4.24E-05
-12.945	4.45E-05
-12.933	4.62E-05
-12.921	4.74E-05
-12.909	4.80E-05
-12.897	4.79E-05
-12.885	4.71E-05
-12.873	4.56E-05
-12.862	4.34E-05
-12.85	4.07E-05
-12.838	3.76E-05
-12.826	3.42E-05
-12.814	3.07E-05
-12.802	2.74E-05
-12.79	2.45E-05
-12.778	2.22E-05
-12.766	2.06E-05
-12.754	2.01E-05
-12.742	2.06E-05
-12.731	2.22E-05
-12.719	2.50E-05
-12.707	2.90E-05
-12.695	3.40E-05
-12.683	3.98E-05
-12.671	4.63E-05
-12.659	5.32E-05
-12.647	6.02E-05
-12.635	6.72E-05
-12.623	7.39E-05
-12.611	8.01E-05
-12.6	8.57E-05
-12.588	9.07E-05
-12.576	9.51E-05
-12.564	9.92E-05
-12.552	0.000103217
-12.54	0.00010748
-12.528	0.000112493
-12.516	0.000118804
-12.504	0.000127018
-12.492	0.000137775
-12.48	0.000151712
-12.469	0.000169425
-12.457	0.000191463
-12.445	0.000218241
-12.433	0.00025007
-12.421	0.000287081
-12.409	0.000329202
-12.397	0.000376207
-12.385	0.000427619
-12.373	0.000482796
-12.361	0.000540879
-12.349	0.000600857
-12.338	0.000661608
-12.326	0.000721883
-12.314	0.000780383
-12.302	0.000835798
-12.29	0.000886853
-12.278	0.000932322
-12.266	0.000971107
-12.254	0.001002246
-12.242	0.00102495
-12.23	0.001038649
-12.218	0.001042997
-12.207	0.001037875
-12.195	0.001023425
-12.183	0.00100003
-12.171	0.000968296
-12.159	0.000929058
-12.147	0.000883304
-12.135	0.000832201
-12.123	0.000777
-12.111	0.000718977
-12.099	0.00065944
-12.087	0.000599653
-12.076	0.000540772
-12.064	0.000483844
-12.052	0.000429764
-12.04	0.000379245
-12.028	0.000332835
-12.016	0.000290869
-12.004	0.000253548
-11.992	0.000220862
-11.98	0.00019269
-11.968	0.00016877
-11.956	0.000148734
-11.945	0.000132176
-11.933	0.000118598
-11.921	0.000107508
-11.909	9.84E-05
-11.897	9.08E-05
-11.885	8.44E-05
-11.873	7.86E-05
-11.861	7.33E-05
-11.849	6.82E-05
-11.837	6.31E-05
-11.825	5.80E-05
-11.814	5.28E-05
-11.802	4.75E-05
-11.79	4.22E-05
-11.778	3.71E-05
-11.766	3.21E-05
-11.754	2.75E-05
-11.742	2.33E-05
-11.73	1.97E-05
-11.718	1.66E-05
-11.706	1.41E-05
-11.694	1.23E-05
-11.683	1.10E-05
-11.671	1.04E-05
-11.659	1.02E-05
-11.647	1.04E-05
-11.635	1.10E-05
-11.623	1.17E-05
-11.611	1.26E-05
-11.599	1.34E-05
-11.587	1.42E-05
-11.575	1.48E-05
-11.563	1.53E-05
-11.552	1.55E-05
-11.54	1.54E-05
-11.528	1.51E-05
-11.516	1.46E-05
-11.504	1.38E-05
-11.492	1.30E-05
-11.48	1.20E-05
-11.468	1.10E-05
-11.456	9.90E-06
-11.444	8.88E-06
-11.432	7.92E-06
-11.421	7.05E-06
-11.409	6.29E-06
-11.397	5.64E-06
-11.385	5.12E-06
-11.373	4.70E-06
-11.361	4.38E-06
-11.349	4.13E-06
-11.337	3.95E-06
-11.325	3.80E-06
-11.313	3.67E-06
-11.301	3.54E-06
-11.29	3.40E-06
-11.278	3.23E-06
-11.266	3.05E-06
-11.254	2.83E-06
-11.242	2.60E-06
-11.23	2.35E-06
-11.218	2.10E-06
-11.206	1.85E-06
-11.194	1.61E-06
-11.182	1.40E-06
-11.17	1.21E-06
-11.159	1.06E-06
-11.147	9.48E-07
-11.135	8.72E-07
-11.123	8.32E-07
-11.111	8.21E-07
-11.099	8.35E-07
-11.087	8.65E-07
-11.075	9.03E-07
-11.063	9.44E-07
-11.051	9.79E-07
-11.039	1.00E-06
-11.028	1.01E-06
-11.016	1.01E-06
-11.004	9.83E-07
-10.992	9.45E-07
-10.98	8.93E-07
-10.968	8.32E-07
-10.956	7.66E-07
-10.944	6.99E-07
-10.932	6.35E-07
-10.92	5.78E-07
-10.908	5.30E-07
-10.897	4.92E-07
-10.885	4.66E-07
-10.873	4.50E-07
-10.861	4.44E-07
-10.849	4.46E-07
-10.837	4.52E-07
-10.825	4.61E-07
-10.813	4.69E-07
-10.801	4.76E-07
-10.789	4.78E-07
-10.777	4.75E-07
-10.766	4.66E-07
-10.754	4.53E-07
-10.742	4.36E-07
-10.73	4.15E-07
-10.718	3.94E-07
-10.706	3.73E-07
-10.694	3.55E-07
-10.682	3.40E-07
-10.67	3.29E-07
-10.658	3.23E-07
-10.646	3.22E-07
-10.635	3.25E-07
-10.623	3.30E-07
-10.611	3.38E-07
-10.599	3.45E-07
-10.587	3.51E-07
-10.575	3.53E-07
-10.563	3.52E-07
-10.551	3.47E-07
-10.539	3.36E-07
-10.527	3.21E-07
-10.515	3.02E-07
-10.504	2.81E-07
-10.492	2.58E-07
-10.48	2.35E-07
-10.468	2.13E-07
-10.456	1.94E-07
-10.444	1.79E-07
-10.432	1.68E-07
-10.42	1.62E-07
-10.408	1.60E-07
-10.396	1.61E-07
-10.384	1.67E-07
-10.373	1.74E-07
-10.361	1.82E-07
-10.349	1.91E-07
-10.337	2.00E-07
-10.325	2.07E-07
-10.313	2.13E-07
-10.301	2.19E-07
-10.289	2.24E-07
-10.277	2.29E-07
-10.265	2.36E-07
-10.253	2.45E-07
-10.242	2.57E-07
-10.23	2.72E-07
-10.218	2.91E-07
-10.206	3.13E-07
-10.194	3.39E-07
-10.182	3.67E-07
-10.17	3.96E-07
-10.158	4.24E-07
-10.146	4.51E-07
-10.134	4.75E-07
-10.122	4.95E-07
-10.111	5.13E-07
-10.099	5.28E-07
-10.087	5.42E-07
-10.075	5.58E-07
-10.063	5.78E-07
-10.051	6.07E-07
-10.039	6.48E-07
-10.027	7.06E-07
-10.015	7.84E-07
-10.003	8.86E-07
-9.9915	1.01E-06
-9.9796	1.17E-06
-9.9677	1.35E-06
-9.9558	1.55E-06
-9.9439	1.78E-06
-9.9319	2.03E-06
-9.92	2.29E-06
-9.9081	2.56E-06
-9.8962	2.84E-06
-9.8843	3.11E-06
-9.8724	3.39E-06
-9.8605	3.67E-06
-9.8486	3.95E-06
-9.8367	4.24E-06
-9.8248	4.55E-06
-9.8129	4.87E-06
-9.801	5.23E-06
-9.789	5.64E-06
-9.7771	6.10E-06
-9.7652	6.62E-06
-9.7533	7.21E-06
-9.7414	7.86E-06
-9.7295	8.59E-06
-9.7176	9.37E-06
-9.7057	1.02E-05
-9.6938	1.10E-05
-9.6819	1.19E-05
-9.67	1.27E-05
-9.658	1.34E-05
-9.6461	1.40E-05
-9.6342	1.45E-05
-9.6223	1.48E-05
-9.6104	1.49E-05
-9.5985	1.47E-05
-9.5866	1.44E-05
-9.5747	1.39E-05
-9.5628	1.32E-05
-9.5509	1.23E-05
-9.539	1.14E-05
-9.5271	1.04E-05
-9.5151	9.50E-06
-9.5032	8.71E-06
-9.4913	8.14E-06
-9.4794	7.86E-06
-9.4675	7.94E-06
-9.4556	8.45E-06
-9.4437	9.43E-06
-9.4318	1.09E-05
-9.4199	1.29E-05
-9.408	1.54E-05
-9.3961	1.83E-05
-9.3841	2.16E-05
-9.3722	2.53E-05
-9.3603	2.92E-05
-9.3484	3.34E-05
-9.3365	3.78E-05
-9.3246	4.22E-05
-9.3127	4.69E-05
-9.3008	5.16E-05
-9.2889	5.66E-05
-9.277	6.20E-05
-9.2651	6.79E-05
-9.2531	7.45E-05
-9.2412	8.22E-05
-9.2293	9.13E-05
-9.2174	0.000101994
-9.2055	0.000114772
-9.1936	0.000129949
-9.1817	0.000147853
-9.1698	0.000168794
-9.1579	0.000192987
-9.146	0.000220588
-9.1341	0.000251642
-9.1222	0.00028608
-9.1102	0.000323722
-9.0983	0.0003642
-9.0864	0.000407059
-9.0745	0.00045167
-9.0626	0.000497281
-9.0507	0.000543035
-9.0388	0.000587992
-9.0269	0.000631149
-9.015	0.000671483
-9.0031	0.000708006
-8.9912	0.000739751
-8.9792	0.000765874
-8.9673	0.000785649
-8.9554	0.000798514
-8.9435	0.000804065
-8.9316	0.000802111
-8.9197	0.000792653
-8.9078	0.000775904
-8.8959	0.000752247
-8.884	0.000722276
-8.8721	0.000686731
-8.8602	0.000646492
-8.8482	0.000602548
-8.8363	0.000555972
-8.8244	0.000507871
-8.8125	0.000459341
-8.8006	0.000411467
-8.7887	0.000365236
-8.7768	0.000321554
-8.7649	0.000281172
-8.753	0.000244686
-8.7411	0.000212499
-8.7292	0.000184851
-8.7173	0.000161778
-8.7053	0.000143171
-8.6934	0.000128722
-8.6815	0.000118038
-8.6696	0.000110581
-8.6577	0.00010577
-8.6458	0.000102976
-8.6339	0.000101573
-8.622	0.000100957
-8.6101	0.000100581
-8.5982	1.00E-04
-8.5863	9.88E-05
-8.5743	9.67E-05
-8.5624	9.35E-05
-8.5505	8.93E-05
-8.5386	8.41E-05
-8.5267	7.79E-05
-8.5148	7.11E-05
-8.5029	6.40E-05
-8.491	5.68E-05
-8.4791	4.99E-05
-8.4672	4.36E-05
-8.4553	3.82E-05
-8.4433	3.39E-05
-8.4314	3.09E-05
-8.4195	2.94E-05
-8.4076	2.93E-05
-8.3957	3.05E-05
-8.3838	3.31E-05
-8.3719	3.69E-05
-8.36	4.15E-05
-8.3481	4.67E-05
-8.3362	5.24E-05
-8.3243	5.81E-05
-8.3124	6.36E-05
-8.3004	6.87E-05
-8.2885	7.32E-05
-8.2766	7.68E-05
-8.2647	7.95E-05
-8.2528	8.11E-05
-8.2409	8.18E-05
-8.229	8.14E-05
-8.2171	8.00E-05
-8.2052	7.79E-05
-8.1933	7.51E-05
-8.1814	7.17E-05
-8.1694	6.79E-05
-8.1575	6.39E-05
-8.1456	5.98E-05
-8.1337	5.58E-05
-8.1218	5.18E-05
-8.1099	4.80E-05
-8.098	4.44E-05
-8.0861	4.11E-05
-8.0742	3.79E-05
-8.0623	3.50E-05
-8.0504	3.23E-05
-8.0384	2.97E-05
-8.0265	2.72E-05
-8.0146	2.48E-05
-8.0027	2.25E-05
-7.9908	2.02E-05
-7.9789	1.80E-05
-7.967	1.59E-05
-7.9551	1.38E-05
-7.9432	1.19E-05
-7.9313	1.02E-05
-7.9194	8.63E-06
-7.9075	7.34E-06
-7.8955	6.32E-06
-7.8836	5.57E-06
-7.8717	5.10E-06
-7.8598	4.89E-06
-7.8479	4.93E-06
-7.836	5.15E-06
-7.8241	5.52E-06
-7.8122	5.98E-06
-7.8003	6.45E-06
-7.7884	6.90E-06
-7.7765	7.24E-06
-7.7645	7.46E-06
-7.7526	7.50E-06
-7.7407	7.36E-06
-7.7288	7.04E-06
-7.7169	6.56E-06
-7.705	5.94E-06
-7.6931	5.24E-06
-7.6812	4.51E-06
-7.6693	3.81E-06
-7.6574	3.21E-06
-7.6455	2.74E-06
-7.6335	2.47E-06
-7.6216	2.41E-06
-7.6097	2.59E-06
-7.5978	3.00E-06
-7.5859	3.62E-06
-7.574	4.42E-06
-7.5621	5.33E-06
-7.5502	6.31E-06
-7.5383	7.27E-06
-7.5264	8.16E-06
-7.5145	8.91E-06
-7.5026	9.46E-06
-7.4906	9.78E-06
-7.4787	9.85E-06
-7.4668	9.66E-06
-7.4549	9.24E-06
-7.443	8.62E-06
-7.4311	7.87E-06
-7.4192	7.06E-06
-7.4073	6.27E-06
-7.3954	5.59E-06
-7.3835	5.10E-06
-7.3716	4.86E-06
-7.3596	4.93E-06
-7.3477	5.35E-06
-7.3358	6.12E-06
-7.3239	7.24E-06
-7.312	8.66E-06
-7.3001	1.03E-05
-7.2882	1.21E-05
-7.2763	1.40E-05
-7.2644	1.58E-05
-7.2525	1.75E-05
-7.2406	1.89E-05
-7.2286	2.00E-05
-7.2167	2.06E-05
-7.2048	2.08E-05
-7.1929	2.05E-05
-7.181	1.98E-05
-7.1691	1.86E-05
-7.1572	1.71E-05
-7.1453	1.53E-05
-7.1334	1.35E-05
-7.1215	1.16E-05
-7.1096	9.82E-06
-7.0977	8.28E-06
-7.0857	7.06E-06
-7.0738	6.25E-06
-7.0619	5.89E-06
-7.05	5.99E-06
-7.0381	6.54E-06
-7.0262	7.49E-06
-7.0143	8.77E-06
-7.0024	1.03E-05
-6.9905	1.19E-05
-6.9786	1.35E-05
-6.9667	1.50E-05
-6.9547	1.62E-05
-6.9428	1.71E-05
-6.9309	1.76E-05
-6.919	1.77E-05
-6.9071	1.73E-05
-6.8952	1.65E-05
-6.8833	1.53E-05
-6.8714	1.40E-05
-6.8595	1.24E-05
-6.8476	1.09E-05
-6.8357	9.56E-06
-6.8237	8.46E-06
-6.8118	7.76E-06
-6.7999	7.53E-06
-6.788	7.86E-06
-6.7761	8.78E-06
-6.7642	1.03E-05
-6.7523	1.23E-05
-6.7404	1.48E-05
-6.7285	1.76E-05
-6.7166	2.07E-05
-6.7047	2.39E-05
-6.6928	2.71E-05
-6.6808	3.01E-05
-6.6689	3.29E-05
-6.657	3.53E-05
-6.6451	3.74E-05
-6.6332	3.91E-05
-6.6213	4.06E-05
-6.6094	4.18E-05
-6.5975	4.28E-05
-6.5856	4.39E-05
-6.5737	4.52E-05
-6.5618	4.67E-05
-6.5498	4.87E-05
-6.5379	5.11E-05
-6.526	5.42E-05
-6.5141	5.77E-05
-6.5022	6.19E-05
-6.4903	6.64E-05
-6.4784	7.12E-05
-6.4665	7.61E-05
-6.4546	8.08E-05
-6.4427	8.51E-05
-6.4308	8.87E-05
-6.4188	9.14E-05
-6.4069	9.29E-05
-6.395	9.31E-05
-6.3831	9.19E-05
-6.3712	8.93E-05
-6.3593	8.54E-05
-6.3474	8.03E-05
-6.3355	7.42E-05
-6.3236	6.76E-05
-6.3117	6.06E-05
-6.2998	5.38E-05
-6.2879	4.77E-05
-6.2759	4.25E-05
-6.264	3.87E-05
-6.2521	3.67E-05
-6.2402	3.66E-05
-6.2283	3.87E-05
-6.2164	4.29E-05
-6.2045	4.92E-05
-6.1926	5.74E-05
-6.1807	6.71E-05
-6.1688	7.80E-05
-6.1569	8.97E-05
-6.1449	0.00010145
-6.133	0.000112937
-6.1211	0.000123659
-6.1092	0.000133225
-6.0973	0.000141384
-6.0854	0.000147996
-6.0735	0.000153106
-6.0616	0.00015693
-6.0497	0.000159872
-6.0378	0.000162528
-6.0259	0.000165625
-6.014	0.000170045
-6.002	0.000176763
-5.9901	0.000186817
-5.9782	0.000201242
-5.9663	0.000221028
-5.9544	0.000247021
-5.9425	0.000279922
-5.9306	0.000320232
-5.9187	0.000368166
-5.9068	0.000423653
-5.8949	0.00048631
-5.883	0.00055546
-5.871	0.000630125
-5.8591	0.000709054
-5.8472	0.000790771
-5.8353	0.000873631
-5.8234	0.00095586
-5.8115	0.001035611
-5.7996	0.001111027
-5.7877	0.001180319
-5.7758	0.001241833
-5.7639	0.001294008
-5.752	0.001335581
-5.74	0.001365599
-5.7281	0.001383229
-5.7162	0.001388232
-5.7043	0.00138049
-5.6924	0.001360358
-5.6805	0.001328553
-5.6686	0.001285789
-5.6567	0.001233614
-5.6448	0.001173267
-5.6329	0.001106393
-5.621	0.00103467
-5.6091	0.000959767
-5.5971	0.000883316
-5.5852	0.000806852
-5.5733	0.000731723
-5.5614	0.00065913
-5.5495	0.000590029
-5.5376	0.000525179
-5.5257	0.000465107
-5.5138	0.000410156
-5.5019	0.000360447
-5.49	0.000315968
-5.4781	0.000276551
-5.4661	0.00024191
-5.4542	0.000211689
-5.4423	0.000185483
-5.4304	0.000162826
-5.4185	0.000143278
-5.4066	0.000126399
-5.3947	0.000111779
-5.3828	9.90E-05
-5.3709	8.79E-05
-5.359	7.80E-05
-5.3471	6.92E-05
-5.3351	6.13E-05
-5.3232	5.43E-05
-5.3113	4.79E-05
-5.2994	4.21E-05
-5.2875	3.69E-05
-5.2756	3.23E-05
-5.2637	2.83E-05
-5.2518	2.47E-05
-5.2399	2.16E-05
-5.228	1.90E-05
-5.2161	1.67E-05
-5.2042	1.49E-05
-5.1922	1.33E-05
-5.1803	1.20E-05
-5.1684	1.10E-05
-5.1565	1.02E-05
-5.1446	9.52E-06
-5.1327	9.02E-06
-5.1208	8.65E-06
-5.1089	8.41E-06
-5.097	8.30E-06
-5.0851	8.32E-06
-5.0732	8.48E-06
-5.0612	8.77E-06
-5.0493	9.20E-06
-5.0374	9.75E-06
-5.0255	1.04E-05
-5.0136	1.12E-05
-5.0017	1.20E-05
-4.9898	1.28E-05
-4.9779	1.37E-05
-4.966	1.45E-05
-4.9541	1.51E-05
-4.9422	1.57E-05
-4.9302	1.60E-05
-4.9183	1.62E-05
-4.9064	1.61E-05
-4.8945	1.58E-05
-4.8826	1.53E-05
-4.8707	1.46E-05
-4.8588	1.37E-05
-4.8469	1.26E-05
-4.835	1.15E-05
-4.8231	1.03E-05
-4.8112	9.17E-06
-4.7993	8.04E-06
-4.7873	6.99E-06
-4.7754	6.05E-06
-4.7635	5.26E-06
-4.7516	4.61E-06
-4.7397	4.13E-06
-4.7278	3.80E-06
-4.7159	3.60E-06
-4.704	3.54E-06
-4.6921	3.57E-06
-4.6802	3.68E-06
-4.6683	3.84E-06
-4.6563	4.02E-06
-4.6444	4.21E-06
-4.6325	4.37E-06
-4.6206	4.51E-06
-4.6087	4.60E-06
-4.5968	4.64E-06
-4.5849	4.64E-06
-4.573	4.58E-06
-4.5611	4.48E-06
-4.5492	4.35E-06
-4.5373	4.18E-06
-4.5253	3.98E-06
-4.5134	3.76E-06
-4.5015	3.54E-06
-4.4896	3.31E-06
-4.4777	3.08E-06
-4.4658	2.86E-06
-4.4539	2.66E-06
-4.442	2.49E-06
-4.4301	2.36E-06
-4.4182	2.29E-06
-4.4063	2.30E-06
-4.3944	2.38E-06
-4.3824	2.56E-06
-4.3705	2.84E-06
-4.3586	3.23E-06
-4.3467	3.72E-06
-4.3348	4.30E-06
-4.3229	4.96E-06
-4.311	5.68E-06
-4.2991	6.42E-06
-4.2872	7.15E-06
-4.2753	7.84E-06
-4.2634	8.45E-06
-4.2514	8.95E-06
-4.2395	9.31E-06
-4.2276	9.51E-06
-4.2157	9.55E-06
-4.2038	9.45E-06
-4.1919	9.22E-06
-4.18	8.91E-06
-4.1681	8.57E-06
-4.1562	8.28E-06
-4.1443	8.12E-06
-4.1324	8.16E-06
-4.1204	8.49E-06
-4.1085	9.17E-06
-4.0966	1.02E-05
-4.0847	1.18E-05
-4.0728	1.37E-05
-4.0609	1.61E-05
-4.049	1.88E-05
-4.0371	2.17E-05
-4.0252	2.48E-05
-4.0133	2.80E-05
-4.0014	3.10E-05
-3.9895	3.37E-05
-3.9775	3.60E-05
-3.9656	3.77E-05
-3.9537	3.87E-05
-3.9418	3.90E-05
-3.9299	3.85E-05
-3.918	3.72E-05
-3.9061	3.52E-05
-3.8942	3.25E-05
-3.8823	2.95E-05
-3.8704	2.62E-05
-3.8585	2.29E-05
-3.8465	1.99E-05
-3.8346	1.73E-05
-3.8227	1.53E-05
-3.8108	1.41E-05
-3.7989	1.39E-05
-3.787	1.46E-05
-3.7751	1.63E-05
-3.7632	1.88E-05
-3.7513	2.21E-05
-3.7394	2.59E-05
-3.7275	3.00E-05
-3.7155	3.42E-05
-3.7036	3.80E-05
-3.6917	4.14E-05
-3.6798	4.40E-05
-3.6679	4.56E-05
-3.656	4.62E-05
-3.6441	4.56E-05
-3.6322	4.41E-05
-3.6203	4.16E-05
-3.6084	3.86E-05
-3.5965	3.52E-05
-3.5846	3.19E-05
-3.5726	2.89E-05
-3.5607	2.68E-05
-3.5488	2.59E-05
-3.5369	2.65E-05
-3.525	2.87E-05
-3.5131	3.29E-05
-3.5012	3.89E-05
-3.4893	4.68E-05
-3.4774	5.64E-05
-3.4655	6.73E-05
-3.4536	7.94E-05
-3.4416	9.20E-05
-3.4297	0.000104892
-3.4178	0.000117591
-3.4059	0.000129758
-3.394	0.000141122
-3.3821	0.000151557
-3.3702	0.000161063
-3.3583	0.000169783
-3.3464	0.000178026
-3.3345	0.000186209
-3.3226	0.00019487
-3.3106	0.000204578
-3.2987	0.000215942
-3.2868	0.000229498
-3.2749	0.000245698
-3.263	0.000264841
-3.2511	0.000287021
-3.2392	0.000312096
-3.2273	0.000339637
-3.2154	0.000368964
-3.2035	0.000399126
-3.1916	0.00042893
-3.1797	0.000457042
-3.1677	0.000482034
-3.1558	0.000502499
-3.1439	0.000517151
-3.132	0.000524965
-3.1201	0.000525179
-3.1082	0.000517484
-3.0963	0.000501963
-3.0844	0.000479211
-3.0725	0.000450264
-3.0606	0.000416589
-3.0487	0.000380055
-3.0367	0.000342841
-3.0248	0.000307391
-3.0129	0.000276217
-3.001	0.000251881
-2.9891	0.000236776
-2.9772	0.000232988
-2.9653	0.000242184
-2.9534	0.000265401
-2.9415	0.000303007
-2.9296	0.00035461
-2.9177	0.000419055
-2.9058	0.000494458
-2.8938	0.000578438
-2.8819	0.000668184
-2.87	0.000760776
-2.8581	0.000853381
-2.8462	0.000943531
-2.8343	0.001029381
-2.8224	0.001109919
-2.8105	0.001185132
-2.7986	0.001256247
-2.7867	0.001325694
-2.7748	0.001397524
-2.7628	0.001476858
-2.7509	0.001570487
-2.739	0.001686272
-2.7271	0.001832672
-2.7152	0.002019095
-2.7033	0.002254835
-2.6914	0.002548706
-2.6795	0.002908689
-2.6676	0.003341216
-2.6557	0.003851291
-2.6438	0.004441534
-2.6318	0.00511254
-2.6199	0.005862643
-2.608	0.006687554
-2.5961	0.00758084
-2.5842	0.00853321
-2.5723	0.009532394
-2.5604	0.010563503
-2.5485	0.011607953
-2.5366	0.01264466
-2.5247	0.013648847
-2.5128	0.014595857
-2.5009	0.015457099
-2.4889	0.016207559
-2.477	0.016823413
-2.4651	0.017280837
-2.4532	0.017566726
-2.4413	0.017677509
-2.4294	0.017616757
-2.4175	0.01739281
-2.4056	0.017021154
-2.3937	0.016518464
-2.3818	0.015900228
-2.3699	0.015185504
-2.3579	0.01439216
-2.346	0.013534491
-2.3341	0.012627983
-2.3222	0.011687406
-2.3103	0.010727293
-2.2984	0.009759319
-2.2865	0.0087973
-2.2746	0.007859582
-2.2627	0.006965343
-2.2508	0.006131737
-2.2389	0.005373176
-2.2269	0.004699906
-2.215	0.00411693
-2.2031	0.003624247
-2.1912	0.003217092
-2.1793	0.002887604
-2.1674	0.002625181
-2.1555	0.00241815
-2.1436	0.002254716
-2.1317	0.002123803
-2.1198	0.002015284
-2.1079	0.001920702
-2.096	0.001832672
-2.084	0.001745714
-2.0721	0.001655301
-2.0602	0.001559528
-2.0483	0.00145625
-2.0364	0.001343324
-2.0245	0.001221344
-2.0126	0.001094004
-2.0007	0.000965461
-1.9888	0.000840789
-1.9769	0.000724825
-1.965	0.000621738
-1.953	0.000534649
-1.9411	0.000465404
-1.9292	0.000414695
-1.9173	0.000382211
-1.9054	0.000366951
-1.8935	0.000368166
-1.8816	0.000388024
-1.8697	0.000415767
-1.8578	0.000458996
-1.8459	0.00051428
-1.834	0.000577866
-1.822	0.000648791
-1.8101	0.000732306
-1.7982	0.000817668
-1.7863	0.000859801
-1.7744	0.002216836
-1.7625	0.000447131
-1.7506	0.000270213
-1.7387	0.000153749
-1.7268	0.000177442
-1.7149	0.000277515
-1.703	0.001009167
-1.6911	0.002674617
-1.6791	0.0003923
-1.6672	0.000243066
-1.6553	0.000735129
-1.6434	0.000374646
-1.6315	0.00031567
-1.6196	0.000384772
-1.6077	0.001035719
-1.5958	0.002545966
-1.5839	0.000296051
-1.572	9.00E-05
-1.5601	4.98E-05
-1.5481	4.39E-05
-1.5362	4.04E-05
-1.5243	1.63E-05
-1.5124	1.19E-05
-1.5005	9.54E-06
-1.4886	7.93E-06
-1.4767	6.86E-06
-1.4648	5.71E-06
-1.4529	4.84E-06
-1.441	4.13E-06
-1.4291	3.53E-06
-1.4171	3.00E-06
-1.4052	2.55E-06
-1.3933	2.15E-06
-1.3814	1.81E-06
-1.3695	1.52E-06
-1.3576	1.27E-06
-1.3457	1.06E-06
-1.3338	8.92E-07
-1.3219	7.51E-07
-1.31	6.41E-07
-1.2981	5.60E-07
-1.2862	5.07E-07
-1.2742	4.89E-07
-1.2623	5.24E-07
-1.2504	6.39E-07
-1.2385	9.51E-07
-1.2266	1.59E-06
-1.2147	6.25E-06
-1.2028	0.000156239
-1.1909	1.47E-05
-1.179	1.86E-05
-1.1671	5.08E-06
-1.1552	1.17E-05
-1.1432	5.51E-06
-1.1313	1.05E-05
-1.1194	9.06E-05
-1.1075	6.45E-05
-1.0956	6.09E-05
-1.0837	8.31E-05
-1.0718	0.000107989
-1.0599	8.14E-06
-1.048	9.46E-06
-1.0361	1.04E-06
-1.0242	2.23E-06
-1.0122	1.19E-06
-1.0003	1.23E-06
-0.98843	2.03E-06
-0.97652	5.89E-06
-0.96461	1.63E-06
-0.95271	3.93E-07
-0.9408	3.64E-07
-0.92889	5.43E-07
-0.91698	9.04E-07
-0.90507	2.09E-06
-0.89316	1.14E-06
-0.88125	1.76E-07
-0.86934	1.44E-07
-0.85743	1.58E-07
-0.84553	2.44E-07
-0.83362	4.22E-06
-0.82171	3.73E-07
-0.8098	2.94E-07
-0.79789	5.43E-07
-0.78598	5.09E-07
-0.77407	3.48E-07
-0.76216	5.17E-07
-0.75026	4.05E-07
-0.73835	4.02E-07
-0.72644	8.51E-07
-0.71453	4.11E-07
-0.70262	8.49E-07
-0.69071	4.23E-07
-0.6788	6.80E-07
-0.66689	4.13E-07
-0.65498	6.52E-07
-0.64308	3.29E-07
-0.63117	6.28E-07
-0.61926	2.22E-07
-0.60735	1.03E-06
-0.59544	1.75E-07
-0.58353	5.47E-07
-0.57162	2.54E-07
-0.55971	4.14E-07
-0.54781	3.22E-06
-0.5359	4.36E-07
-0.52399	1.66E-06
-0.51208	1.38E-06
-0.50017	5.70E-07
-0.48826	2.53E-06
-0.47635	1.13E-06
-0.46444	4.91E-07
-0.45253	9.06E-07
-0.44063	1.21E-06
-0.42872	3.83E-07
-0.41681	3.79E-07
-0.4049	2.35E-06
-0.39299	4.21E-07
-0.38108	3.24E-07
-0.36917	3.63E-07
-0.35726	3.00E-06
-0.34536	5.84E-07
-0.33345	2.84E-07
-0.32154	2.47E-07
-0.30963	3.32E-07
-0.29772	8.73E-06
-0.28581	3.32E-07
-0.2739	2.36E-07
-0.26199	2.54E-07
-0.25009	3.16E-07
-0.23818	5.21E-07
-0.22627	7.37E-06
-0.21436	8.32E-07
-0.20245	5.64E-07
-0.19054	5.67E-07
-0.17863	6.08E-07
-0.16672	6.60E-07
-0.15481	7.21E-07
-0.14291	8.00E-07
-0.131	9.60E-07
-0.11909	1.81E-06
-0.10718	6.39E-06
-0.09527	1.60E-06
-0.08336	1.23E-06
-0.07145	1.17E-06
-0.05954	1.19E-06
-0.04763	1.23E-06
-0.03573	1.29E-06
-0.02382	1.35E-06
-0.01191	1.43E-06
0	1.51E-06
0.01191	1.58E-06
0.02382	1.66E-06
0.03573	1.74E-06
0.04763	1.81E-06
0.05954	1.87E-06
0.07145	1.93E-06
0.08336	1.98E-06
0.09527	2.10E-06
0.10718	3.91E-06
0.11909	2.55E-06
0.131	2.08E-06
0.14291	1.92E-06
0.15481	1.80E-06
0.16672	1.69E-06
0.17863	1.59E-06
0.19054	1.56E-06
0.20245	1.74E-06
0.21436	3.68E-06
0.22627	4.95E-05
0.23818	2.61E-06
0.25009	1.36E-06
0.26199	1.14E-06
0.2739	1.25E-06
0.28581	2.22E-06
0.29772	6.23E-05
0.30963	2.03E-06
0.32154	1.55E-06
0.33345	1.69E-06
0.34536	2.12E-06
0.35726	3.50E-06
0.36917	2.32E-06
0.38108	2.56E-06
0.39299	3.00E-06
0.4049	1.15E-05
0.41681	3.75E-06
0.42872	4.04E-06
0.44063	1.14E-05
0.45253	8.89E-06
0.46444	5.47E-06
0.47635	1.05E-05
0.48826	2.23E-05
0.50017	7.11E-06
0.51208	1.44E-05
0.52399	1.87E-05
0.5359	8.22E-06
0.54781	4.25E-05
0.55971	1.08E-05
0.57162	1.02E-05
0.58353	2.04E-05
0.59544	1.13E-05
0.60735	4.74E-05
0.61926	1.45E-05
0.63117	2.02E-05
0.64308	1.93E-05
0.65498	2.59E-05
0.66689	2.54E-05
0.6788	3.51E-05
0.69071	3.17E-05
0.70262	6.59E-05
0.71453	3.84E-05
0.72644	0.000168449
0.73835	4.92E-05
0.75026	6.47E-05
0.76216	0.000126744
0.77407	6.66E-05
0.78598	0.000154714
0.79789	0.000159824
0.8098	7.99E-05
0.82171	0.000109917
0.83362	0.001054814
0.84553	8.08E-05
0.85743	6.39E-05
0.86934	6.16E-05
0.88125	7.12E-05
0.89316	0.000296896
0.90507	0.000488562
0.91698	0.000234072
0.92889	0.000167877
0.9408	0.000137287
0.95271	0.000118934
0.96461	0.000113468
0.97652	6.63E-05
0.98843	4.06E-05
1.0003	3.99E-05
1.0122	5.48E-05
1.0242	0.000347177
1.0361	3.07E-05
1.048	3.60E-05
1.0599	2.08E-05
1.0718	0.000121241
1.0837	5.80E-05
1.0956	1.83E-05
1.1075	1.16E-05
1.1194	4.15E-05
1.1313	3.10E-05
1.1432	0.0001093
1.1552	7.24E-05
1.1671	0.000446214
1.179	0.003126203
1.1909	0.002321424
1.2028	0.000301161
1.2147	4.61E-05
1.2266	1.99E-05
1.2385	1.18E-05
1.2504	8.08E-06
1.2623	6.04E-06
1.2742	4.86E-06
1.2862	4.14E-06
1.2981	3.73E-06
1.31	3.50E-06
1.3219	3.41E-06
1.3338	3.43E-06
1.3457	3.53E-06
1.3576	3.71E-06
1.3695	3.96E-06
1.3814	4.29E-06
1.3933	4.71E-06
1.4052	5.25E-06
1.4171	5.94E-06
1.4291	6.84E-06
1.441	8.06E-06
1.4529	9.85E-06
1.4648	1.27E-05
1.4767	1.79E-05
1.4886	3.36E-05
1.5005	0.000157692
1.5124	0.000201052
1.5243	7.13E-05
1.5362	8.06E-05
1.5481	0.000152058
1.5601	0.000550707
1.572	0.003271054
1.5839	0.000544763
1.5958	0.000208366
1.6077	0.000156227
1.6196	0.000463499
1.6315	0.000240564
1.6434	0.000104134
1.6553	0.000131628
1.6672	0.000442259
1.6791	0.001379775
1.6911	0.00020272
1.703	0.000116644
1.7149	7.39E-05
1.7268	4.62E-05
1.7387	4.91E-05
1.7506	7.79E-05
1.7625	0.000338577
1.7744	0.000189176
1.7863	0.000242029
1.7982	0.000136214
1.8101	0.000102894
1.822	8.33E-05
1.834	7.02E-05
1.8459	6.15E-05
1.8578	5.60E-05
1.8697	5.22E-05
1.8816	4.97E-05
1.8935	4.80E-05
1.9054	4.70E-05
1.9173	4.66E-05
1.9292	4.67E-05
1.9411	4.69E-05
1.953	4.70E-05
1.965	4.68E-05
1.9769	4.62E-05
1.9888	4.49E-05
2.0007	4.30E-05
2.0126	4.04E-05
2.0245	3.72E-05
2.0364	3.35E-05
2.0483	2.96E-05
2.0602	2.57E-05
2.0721	2.19E-05
2.084	1.85E-05
2.096	1.59E-05
2.1079	1.41E-05
2.1198	1.32E-05
2.1317	1.35E-05
2.1436	1.47E-05
2.1555	1.70E-05
2.1674	2.01E-05
2.1793	2.39E-05
2.1912	2.82E-05
2.2031	3.27E-05
2.215	3.71E-05
2.2269	4.11E-05
2.2389	4.45E-05
2.2508	4.69E-05
2.2627	4.83E-05
2.2746	4.85E-05
2.2865	4.76E-05
2.2984	4.56E-05
2.3103	4.28E-05
2.3222	3.95E-05
2.3341	3.59E-05
2.346	3.25E-05
2.3579	2.95E-05
2.3699	2.73E-05
2.3818	2.63E-05
2.3937	2.66E-05
2.4056	2.86E-05
2.4175	3.21E-05
2.4294	3.73E-05
2.4413	4.39E-05
2.4532	5.18E-05
2.4651	6.06E-05
2.477	6.98E-05
2.4889	7.89E-05
2.5009	8.74E-05
2.5128	9.49E-05
2.5247	0.000100921
2.5366	0.000105154
2.5485	0.000107358
2.5604	0.000107411
2.5723	0.000105311
2.5842	0.000101169
2.5961	9.52E-05
2.608	8.78E-05
2.6199	7.92E-05
2.6318	7.01E-05
2.6438	6.09E-05
2.6557	5.23E-05
2.6676	4.46E-05
2.6795	3.84E-05
2.6914	3.41E-05
2.7033	3.18E-05
2.7152	3.17E-05
2.7271	3.38E-05
2.739	3.77E-05
2.7509	4.32E-05
2.7628	4.98E-05
2.7748	5.70E-05
2.7867	6.42E-05
2.7986	7.10E-05
2.8105	7.68E-05
2.8224	8.12E-05
2.8343	8.39E-05
2.8462	8.46E-05
2.8581	8.34E-05
2.87	8.02E-05
2.8819	7.54E-05
2.8938	6.94E-05
2.9058	6.25E-05
2.9177	5.56E-05
2.9296	4.90E-05
2.9415	4.36E-05
2.9534	3.98E-05
2.9653	3.82E-05
2.9772	3.90E-05
2.9891	4.25E-05
3.001	4.86E-05
3.0129	5.73E-05
3.0248	6.83E-05
3.0367	8.10E-05
3.0487	9.51E-05
3.0606	0.000109954
3.0725	0.000124958
3.0844	0.000139586
3.0963	0.00015332
3.1082	0.000165804
3.1201	0.000176775
3.132	0.000186138
3.1439	0.000194012
3.1558	0.000200659
3.1677	0.000206484
3.1797	0.000212059
3.1916	0.000217991
3.2035	0.000224936
3.2154	0.000233512
3.2273	0.000244233
3.2392	0.000257456
3.2511	0.000273358
3.263	0.000291893
3.2749	0.000312739
3.2868	0.000335349
3.2987	0.000358946
3.3106	0.000382532
3.3226	0.000404975
3.3345	0.000425023
3.3464	0.000441437
3.3583	0.000453064
3.3702	0.0004589
3.3821	0.000458222
3.394	0.00045061
3.4059	0.000436101
3.4178	0.0004151
3.4297	0.000388488
3.4416	0.000357505
3.4536	0.000323746
3.4655	0.000289046
3.4774	0.000255407
3.4893	0.000224816
3.5012	0.000199241
3.5131	0.000180396
3.525	0.000169747
3.5369	0.000168365
3.5488	0.000176858
3.5607	0.000195346
3.5726	0.000223423
3.5846	0.00026016
3.5965	0.000304175
3.6084	0.000353669
3.6203	0.000406559
3.6322	0.000460604
3.6441	0.000513613
3.656	0.000563548
3.6679	0.00060879
3.6798	0.000648219
3.6917	0.000681406
3.7036	0.000708661
3.7155	0.000731115
3.7275	0.000750746
3.7394	0.000770282
3.7513	0.000793141
3.7632	0.000823326
3.7751	0.000865245
3.787	0.000923507
3.7989	0.001002698
3.8108	0.001107167
3.8227	0.001240761
3.8346	0.001406458
3.8465	0.001606342
3.8585	0.001841129
3.8704	0.002110342
3.8823	0.002411955
3.8942	0.002742277
3.9061	0.003096423
3.918	0.003468318
3.9299	0.003850814
3.9418	0.004235812
3.9537	0.004615092
3.9656	0.004980078
3.9775	0.005322669
3.9895	0.005634646
4.0014	0.005908981
4.0133	0.006139241
4.0252	0.006319948
4.0371	0.006446811
4.049	0.006516854
4.0609	0.00652829
4.0728	0.00648088
4.0847	0.006375934
4.0966	0.006216074
4.1085	0.006005231
4.1204	0.005748883
4.1324	0.005453464
4.1443	0.005126358
4.1562	0.00477531
4.1681	0.004408775
4.18	0.004034856
4.1919	0.003661293
4.2038	0.003295235
4.2157	0.002942757
4.2276	0.002609219
4.2395	0.002298672
4.2514	0.002013973
4.2634	0.001756911
4.2753	0.00152808
4.2872	0.001327243
4.2991	0.001153338
4.311	0.001004723
4.3229	0.000879146
4.3348	0.000774046
4.3467	0.000686647
4.3586	0.000614127
4.3705	0.000553744
4.3824	0.000502916
4.3944	0.000459306
4.4063	0.000420937
4.4182	0.000386177
4.4301	0.000353753
4.442	0.000322817
4.4539	0.000292811
4.4658	0.000263507
4.4777	0.000234918
4.4896	0.00020721
4.5015	0.000180718
4.5134	0.00015581
4.5253	0.000132879
4.5373	0.000112258
4.5492	9.42E-05
4.5611	7.90E-05
4.573	6.66E-05
4.5849	5.71E-05
4.5968	5.03E-05
4.6087	4.59E-05
4.6206	4.36E-05
4.6325	4.31E-05
4.6444	4.38E-05
4.6563	4.54E-05
4.6683	4.76E-05
4.6802	4.98E-05
4.6921	5.17E-05
4.704	5.32E-05
4.7159	5.40E-05
4.7278	5.40E-05
4.7397	5.33E-05
4.7516	5.17E-05
4.7635	4.94E-05
4.7754	4.65E-05
4.7873	4.32E-05
4.7993	3.96E-05
4.8112	3.58E-05
4.8231	3.20E-05
4.835	2.83E-05
4.8469	2.49E-05
4.8588	2.18E-05
4.8707	1.91E-05
4.8826	1.67E-05
4.8945	1.48E-05
4.9064	1.32E-05
4.9183	1.20E-05
4.9302	1.11E-05
4.9422	1.04E-05
4.9541	9.94E-06
4.966	9.59E-06
4.9779	9.33E-06
4.9898	9.11E-06
5.0017	8.91E-06
5.0136	8.71E-06
5.0255	8.48E-06
5.0374	8.22E-06
5.0493	7.94E-06
5.0612	7.62E-06
5.0732	7.29E-06
5.0851	6.94E-06
5.097	6.59E-06
5.1089	6.23E-06
5.1208	5.87E-06
5.1327	5.51E-06
5.1446	5.16E-06
5.1565	4.82E-06
5.1684	4.48E-06
5.1803	4.16E-06
5.1922	3.84E-06
5.2042	3.53E-06
5.2161	3.24E-06
5.228	2.97E-06
5.2399	2.71E-06
5.2518	2.48E-06
5.2637	2.28E-06
5.2756	2.11E-06
5.2875	1.97E-06
5.2994	1.86E-06
5.3113	1.78E-06
5.3232	1.73E-06
5.3351	1.70E-06
5.3471	1.69E-06
5.359	1.69E-06
5.3709	1.69E-06
5.3828	1.70E-06
5.3947	1.69E-06
5.4066	1.68E-06
5.4185	1.66E-06
5.4304	1.62E-06
5.4423	1.58E-06
5.4542	1.52E-06
5.4661	1.46E-06
5.4781	1.40E-06
5.49	1.34E-06
5.5019	1.29E-06
5.5138	1.25E-06
5.5257	1.23E-06
5.5376	1.22E-06
5.5495	1.23E-06
5.5614	1.26E-06
5.5733	1.31E-06
5.5852	1.37E-06
5.5971	1.45E-06
5.6091	1.55E-06
5.621	1.67E-06
5.6329	1.80E-06
5.6448	1.96E-06
5.6567	2.15E-06
5.6686	2.37E-06
5.6805	2.62E-06
5.6924	2.91E-06
5.7043	3.23E-06
5.7162	3.59E-06
5.7281	3.98E-06
5.74	4.38E-06
5.752	4.80E-06
5.7639	5.21E-06
5.7758	5.61E-06
5.7877	5.96E-06
5.7996	6.25E-06
5.8115	6.46E-06
5.8234	6.58E-06
5.8353	6.59E-06
5.8472	6.49E-06
5.8591	6.28E-06
5.871	5.97E-06
5.883	5.56E-06
5.8949	5.09E-06
5.9068	4.59E-06
5.9187	4.08E-06
5.9306	3.60E-06
5.9425	3.19E-06
5.9544	2.88E-06
5.9663	2.71E-06
5.9782	2.68E-06
5.9901	2.83E-06
6.002	3.13E-06
6.014	3.59E-06
6.0259	4.18E-06
6.0378	4.86E-06
6.0497	5.60E-06
6.0616	6.35E-06
6.0735	7.07E-06
6.0854	7.69E-06
6.0973	8.19E-06
6.1092	8.52E-06
6.1211	8.67E-06
6.133	8.62E-06
6.1449	8.40E-06
6.1569	8.01E-06
6.1688	7.52E-06
6.1807	6.96E-06
6.1926	6.42E-06
6.2045	5.95E-06
6.2164	5.63E-06
6.2283	5.54E-06
6.2402	5.72E-06
6.2521	6.24E-06
6.264	7.10E-06
6.2759	8.33E-06
6.2879	9.91E-06
6.2998	1.18E-05
6.3117	1.40E-05
6.3236	1.63E-05
6.3355	1.88E-05
6.3474	2.14E-05
6.3593	2.39E-05
6.3712	2.63E-05
6.3831	2.86E-05
6.395	3.08E-05
6.4069	3.28E-05
6.4188	3.47E-05
6.4308	3.65E-05
6.4427	3.83E-05
6.4546	4.02E-05
6.4665	4.23E-05
6.4784	4.47E-05
6.4903	4.75E-05
6.5022	5.08E-05
6.5141	5.46E-05
6.526	5.89E-05
6.5379	6.38E-05
6.5498	6.90E-05
6.5618	7.45E-05
6.5737	8.01E-05
6.5856	8.55E-05
6.5975	9.06E-05
6.6094	9.51E-05
6.6213	9.87E-05
6.6332	0.000101228
6.6451	0.000102412
6.657	0.000102146
6.6689	0.000100364
6.6808	9.71E-05
6.6928	9.24E-05
6.7047	8.66E-05
6.7166	7.98E-05
6.7285	7.25E-05
6.7404	6.52E-05
6.7523	5.82E-05
6.7642	5.21E-05
6.7761	4.74E-05
6.788	4.44E-05
6.7999	4.35E-05
6.8118	4.51E-05
6.8237	4.93E-05
6.8357	5.61E-05
6.8476	6.54E-05
6.8595	7.71E-05
6.8714	9.07E-05
6.8833	0.000105899
6.8952	0.00012217
6.9071	0.00013899
6.919	0.000155869
6.9309	0.000172356
6.9428	0.000188127
6.9547	0.000202994
6.9667	0.000217002
6.9786	0.000230379
6.9905	0.000243614
7.0024	0.000257444
7.0143	0.000272846
7.0262	0.000291012
7.0381	0.000313311
7.05	0.000341233
7.0619	0.000376326
7.0738	0.000420127
7.0857	0.000474088
7.0977	0.00053945
7.1096	0.000617224
7.1215	0.000708041
7.1334	0.000812129
7.1453	0.000929237
7.1572	0.001058578
7.1691	0.00119883
7.181	0.001348208
7.1929	0.001504256
7.2048	0.001664235
7.2167	0.001825048
7.2286	0.001983359
7.2406	0.002135476
7.2525	0.002278064
7.2644	0.002407667
7.2763	0.002521189
7.2882	0.002615652
7.3001	0.002688792
7.312	0.002738703
7.3239	0.002764195
7.3358	0.002764553
7.3477	0.002739776
7.3596	0.00269046
7.3716	0.002617915
7.3835	0.002523929
7.3954	0.002410883
7.4073	0.002281637
7.4192	0.00213905
7.4311	0.001986814
7.443	0.001828383
7.4549	0.001667213
7.4668	0.001506638
7.4787	0.001349995
7.4906	0.001200022
7.5026	0.001058995
7.5145	0.000928927
7.5264	0.000811164
7.5383	0.000706517
7.5502	0.000615318
7.5621	0.000537401
7.574	0.000472135
7.5859	0.000418602
7.5978	0.00037554
7.6097	0.000341507
7.6216	0.000314979
7.6335	0.000294359
7.6455	0.000278111
7.6574	0.000264817
7.6693	0.000253203
7.6812	0.000242196
7.6931	0.000230987
7.705	0.000218991
7.7169	0.000205864
7.7288	0.00019151
7.7407	0.000176025
7.7526	0.000159693
7.7645	0.000142897
7.7765	0.000126137
7.7884	0.000109926
7.8003	9.48E-05
7.8122	8.12E-05
7.8241	6.95E-05
7.836	6.01E-05
7.8479	5.30E-05
7.8598	4.85E-05
7.8717	4.63E-05
7.8836	4.65E-05
7.8955	4.86E-05
7.9075	5.23E-05
7.9194	5.73E-05
7.9313	6.31E-05
7.9432	6.92E-05
7.9551	7.53E-05
7.967	8.10E-05
7.9789	8.60E-05
7.9908	9.00E-05
8.0027	9.27E-05
8.0146	9.43E-05
8.0265	9.46E-05
8.0384	9.36E-05
8.0504	9.16E-05
8.0623	8.86E-05
8.0742	8.49E-05
8.0861	8.06E-05
8.098	7.60E-05
8.1099	7.12E-05
8.1218	6.65E-05
8.1337	6.19E-05
8.1456	5.76E-05
8.1575	5.35E-05
8.1694	4.99E-05
8.1814	4.66E-05
8.1933	4.36E-05
8.2052	4.08E-05
8.2171	3.83E-05
8.229	3.59E-05
8.2409	3.36E-05
8.2528	3.13E-05
8.2647	2.90E-05
8.2766	2.67E-05
8.2885	2.43E-05
8.3004	2.19E-05
8.3124	1.95E-05
8.3243	1.71E-05
8.3362	1.48E-05
8.3481	1.27E-05
8.36	1.08E-05
8.3719	9.13E-06
8.3838	7.73E-06
8.3957	6.63E-06
8.4076	5.84E-06
8.4195	5.33E-06
8.4314	5.10E-06
8.4433	5.08E-06
8.4553	5.24E-06
8.4672	5.51E-06
8.4791	5.83E-06
8.491	6.15E-06
8.5029	6.41E-06
8.5148	6.57E-06
8.5267	6.60E-06
8.5386	6.48E-06
8.5505	6.21E-06
8.5624	5.80E-06
8.5743	5.28E-06
8.5863	4.69E-06
8.5982	4.06E-06
8.6101	3.43E-06
8.622	2.87E-06
8.6339	2.39E-06
8.6458	2.04E-06
8.6577	1.85E-06
8.6696	1.81E-06
8.6815	1.92E-06
8.6934	2.19E-06
8.7053	2.57E-06
8.7173	3.03E-06
8.7292	3.55E-06
8.7411	4.07E-06
8.753	4.54E-06
8.7649	4.94E-06
8.7768	5.23E-06
8.7887	5.38E-06
8.8006	5.39E-06
8.8125	5.26E-06
8.8244	4.99E-06
8.8363	4.61E-06
8.8482	4.16E-06
8.8602	3.66E-06
8.8721	3.16E-06
8.884	2.71E-06
8.8959	2.34E-06
8.9078	2.09E-06
8.9197	1.98E-06
8.9316	2.03E-06
8.9435	2.23E-06
8.9554	2.59E-06
8.9673	3.09E-06
8.9792	3.68E-06
8.9912	4.35E-06
9.0031	5.03E-06
9.015	5.70E-06
9.0269	6.30E-06
9.0388	6.80E-06
9.0507	7.16E-06
9.0626	7.36E-06
9.0745	7.38E-06
9.0864	7.23E-06
9.0983	6.92E-06
9.1102	6.46E-06
9.1222	5.89E-06
9.1341	5.25E-06
9.146	4.57E-06
9.1579	3.90E-06
9.1698	3.27E-06
9.1817	2.73E-06
9.1936	2.31E-06
9.2055	2.02E-06
9.2174	1.88E-06
9.2293	1.88E-06
9.2412	2.03E-06
9.2531	2.29E-06
9.2651	2.63E-06
9.277	3.04E-06
9.2889	3.47E-06
9.3008	3.87E-06
9.3127	4.23E-06
9.3246	4.50E-06
9.3365	4.67E-06
9.3484	4.73E-06
9.3603	4.66E-06
9.3722	4.47E-06
9.3841	4.18E-06
9.3961	3.81E-06
9.408	3.39E-06
9.4199	2.95E-06
9.4318	2.53E-06
9.4437	2.15E-06
9.4556	1.85E-06
9.4675	1.65E-06
9.4794	1.57E-06
9.4913	1.62E-06
9.5032	1.80E-06
9.5151	2.09E-06
9.5271	2.50E-06
9.539	2.98E-06
9.5509	3.52E-06
9.5628	4.08E-06
9.5747	4.64E-06
9.5866	5.16E-06
9.5985	5.63E-06
9.6104	6.02E-06
9.6223	6.32E-06
9.6342	6.55E-06
9.6461	6.69E-06
9.658	6.77E-06
9.67	6.80E-06
9.6819	6.81E-06
9.6938	6.83E-06
9.7057	6.89E-06
9.7176	6.99E-06
9.7295	7.18E-06
9.7414	7.45E-06
9.7533	7.82E-06
9.7652	8.27E-06
9.7771	8.80E-06
9.789	9.38E-06
9.801	9.99E-06
9.8129	1.06E-05
9.8248	1.11E-05
9.8367	1.16E-05
9.8486	1.19E-05
9.8605	1.21E-05
9.8724	1.21E-05
9.8843	1.20E-05
9.8962	1.16E-05
9.9081	1.11E-05
9.92	1.04E-05
9.9319	9.54E-06
9.9439	8.63E-06
9.9558	7.70E-06
9.9677	6.78E-06
9.9796	5.94E-06
9.9915	5.21E-06
10.003	4.66E-06
10.015	4.31E-06
10.027	4.19E-06
10.039	4.31E-06
10.051	4.66E-06
10.063	5.25E-06
10.075	6.02E-06
10.087	6.94E-06
10.099	7.96E-06
10.111	9.02E-06
10.122	1.01E-05
10.134	1.10E-05
10.146	1.19E-05
10.158	1.26E-05
10.17	1.31E-05
10.182	1.34E-05
10.194	1.35E-05
10.206	1.34E-05
10.218	1.32E-05
10.23	1.29E-05
10.242	1.26E-05
10.253	1.23E-05
10.265	1.22E-05
10.277	1.22E-05
10.289	1.26E-05
10.301	1.34E-05
10.313	1.45E-05
10.325	1.61E-05
10.337	1.83E-05
10.349	2.09E-05
10.361	2.40E-05
10.373	2.75E-05
10.384	3.14E-05
10.396	3.55E-05
10.408	3.99E-05
10.42	4.44E-05
10.432	4.89E-05
10.444	5.33E-05
10.456	5.75E-05
10.468	6.14E-05
10.48	6.48E-05
10.492	6.78E-05
10.504	7.02E-05
10.515	7.20E-05
10.527	7.32E-05
10.539	7.38E-05
10.551	7.37E-05
10.563	7.30E-05
10.575	7.18E-05
10.587	7.01E-05
10.599	6.79E-05
10.611	6.53E-05
10.623	6.24E-05
10.635	5.92E-05
10.646	5.58E-05
10.658	5.24E-05
10.67	4.88E-05
10.682	4.53E-05
10.694	4.18E-05
10.706	3.83E-05
10.718	3.49E-05
10.73	3.17E-05
10.742	2.86E-05
10.754	2.57E-05
10.766	2.29E-05
10.777	2.03E-05
10.789	1.80E-05
10.801	1.58E-05
10.813	1.38E-05
10.825	1.20E-05
10.837	1.05E-05
10.849	9.16E-06
10.861	8.04E-06
10.873	7.10E-06
10.885	6.36E-06
10.897	5.78E-06
10.908	5.36E-06
10.92	5.06E-06
10.932	4.87E-06
10.944	4.76E-06
10.956	4.70E-06
10.968	4.67E-06
10.98	4.65E-06
10.992	4.62E-06
11.004	4.55E-06
11.016	4.45E-06
11.028	4.30E-06
11.039	4.11E-06
11.051	3.88E-06
11.063	3.62E-06
11.075	3.34E-06
11.087	3.07E-06
11.099	2.81E-06
11.111	2.60E-06
11.123	2.45E-06
11.135	2.38E-06
11.147	2.40E-06
11.159	2.52E-06
11.17	2.74E-06
11.182	3.06E-06
11.194	3.48E-06
11.206	3.99E-06
11.218	4.55E-06
11.23	5.17E-06
11.242	5.80E-06
11.254	6.44E-06
11.266	7.04E-06
11.278	7.60E-06
11.29	8.08E-06
11.301	8.48E-06
11.313	8.77E-06
11.325	8.95E-06
11.337	9.02E-06
11.349	8.97E-06
11.361	8.81E-06
11.373	8.56E-06
11.385	8.22E-06
11.397	7.81E-06
11.409	7.35E-06
11.421	6.85E-06
11.432	6.34E-06
11.444	5.82E-06
11.456	5.30E-06
11.468	4.81E-06
11.48	4.34E-06
11.492	3.90E-06
11.504	3.50E-06
11.516	3.13E-06
11.528	2.80E-06
11.54	2.50E-06
11.552	2.23E-06
11.563	1.99E-06
11.575	1.78E-06
11.587	1.59E-06
11.599	1.43E-06
11.611	1.29E-06
11.623	1.18E-06
11.635	1.09E-06
11.647	1.02E-06
11.659	9.79E-07
11.671	9.57E-07
11.683	9.53E-07
11.694	9.67E-07
11.706	9.92E-07
11.718	1.03E-06
11.73	1.06E-06
11.742	1.09E-06
11.754	1.12E-06
11.766	1.13E-06
11.778	1.12E-06
11.79	1.09E-06
11.802	1.05E-06
11.814	9.84E-07
11.825	9.05E-07
11.837	8.16E-07
11.849	7.26E-07
11.861	6.41E-07
11.873	5.71E-07
11.885	5.23E-07
11.897	5.06E-07
11.909	5.25E-07
11.921	5.83E-07
11.933	6.82E-07
11.945	8.19E-07
11.956	9.88E-07
11.968	1.18E-06
11.98	1.39E-06
11.992	1.60E-06
12.004	1.80E-06
12.016	1.98E-06
12.028	2.12E-06
12.04	2.22E-06
12.052	2.28E-06
12.064	2.28E-06
12.076	2.23E-06
12.087	2.14E-06
12.099	2.01E-06
12.111	1.88E-06
12.123	1.74E-06
12.135	1.62E-06
12.147	1.55E-06
12.159	1.53E-06
12.171	1.59E-06
12.183	1.74E-06
12.195	1.97E-06
12.207	2.31E-06
12.218	2.72E-06
12.23	3.22E-06
12.242	3.76E-06
12.254	4.34E-06
12.266	4.93E-06
12.278	5.49E-06
12.29	5.99E-06
12.302	6.40E-06
12.314	6.71E-06
12.326	6.89E-06
12.338	6.92E-06
12.349	6.81E-06
12.361	6.56E-06
12.373	6.18E-06
12.385	5.70E-06
12.397	5.14E-06
12.409	4.55E-06
12.421	3.95E-06
12.433	3.39E-06
12.445	2.91E-06
12.457	2.53E-06
12.469	2.28E-06
12.48	2.18E-06
12.492	2.24E-06
12.504	2.44E-06
12.516	2.79E-06
12.528	3.24E-06
12.54	3.78E-06
12.552	4.36E-06
12.564	4.94E-06
12.576	5.48E-06
12.588	5.94E-06
12.6	6.29E-06
12.611	6.50E-06
12.623	6.56E-06
12.635	6.46E-06
12.647	6.21E-06
12.659	5.84E-06
12.671	5.38E-06
12.683	4.87E-06
12.695	4.35E-06
12.707	3.88E-06
12.719	3.51E-06
12.731	3.28E-06
12.742	3.23E-06
12.754	3.39E-06
12.766	3.77E-06
12.778	4.39E-06
12.79	5.22E-06
12.802	6.25E-06
12.814	7.44E-06
12.826	8.74E-06
12.838	1.01E-05
12.85	1.15E-05
12.862	1.29E-05
12.873	1.42E-05
12.885	1.54E-05
12.897	1.65E-05
12.909	1.74E-05
12.921	1.83E-05
12.933	1.91E-05
12.945	1.98E-05
12.957	2.06E-05
12.969	2.14E-05
12.981	2.24E-05
12.993	2.36E-05
13.004	2.49E-05
13.016	2.66E-05
13.028	2.85E-05
13.04	3.07E-05
13.052	3.31E-05
13.064	3.57E-05
13.076	3.83E-05
13.088	4.09E-05
13.1	4.34E-05
13.112	4.55E-05
13.124	4.73E-05
13.135	4.86E-05
13.147	4.92E-05
13.159	4.92E-05
13.171	4.84E-05
13.183	4.69E-05
13.195	4.47E-05
13.207	4.20E-05
13.219	3.88E-05
13.231	3.53E-05
13.243	3.17E-05
13.255	2.82E-05
13.266	2.50E-05
13.278	2.25E-05
13.29	2.06E-05
13.302	1.97E-05
13.314	1.99E-05
13.326	2.11E-05
13.338	2.35E-05
13.35	2.70E-05
13.362	3.16E-05
13.374	3.70E-05
13.386	4.31E-05
13.397	4.96E-05
13.409	5.64E-05
13.421	6.31E-05
13.433	6.96E-05
13.445	7.56E-05
13.457	8.11E-05
13.469	8.61E-05
13.481	9.05E-05
13.493	9.45E-05
13.505	9.85E-05
13.517	0.000102683
13.528	0.000107579
13.54	0.000113697
13.552	0.000121622
13.564	0.000131962
13.576	0.000145327
13.588	0.000162326
13.6	0.000183482
13.612	0.000209224
13.624	0.000239838
13.636	0.000275502
13.647	0.000316182
13.659	0.000361638
13.671	0.000411455
13.683	0.000464999
13.695	0.000521463
13.707	0.000579868
13.719	0.000639082
13.731	0.000697904
13.743	0.000755035
13.755	0.000809211
13.767	0.000859146
13.778	0.000903673
13.79	0.000941709
13.802	0.000972311
13.814	0.000994753
13.826	0.001008476
13.838	0.001013133
13.85	0.001008631
13.862	0.000995098
13.874	0.000972882
13.886	0.000942566
13.898	0.000904924
13.909	0.000860885
13.921	0.000811557
13.933	0.00075812
13.945	0.000701823
13.957	0.000643919
13.969	0.000585657
13.981	0.000528169
13.993	0.000472528
14.005	0.000419614
14.017	0.000370179
14.029	0.000324771
14.04	0.000283769
14.052	0.000247378
14.064	0.00021562
14.076	0.000188366
14.088	0.000165363
14.1	0.000146244
14.112	0.000130592
14.124	0.000117896
14.136	0.000107664
14.148	9.94E-05
14.16	9.26E-05
14.171	8.68E-05
14.183	8.16E-05
14.195	7.68E-05
14.207	7.21E-05
14.219	6.73E-05
14.231	6.23E-05
14.243	5.72E-05
14.255	5.19E-05
14.267	4.65E-05
14.279	4.11E-05
14.291	3.59E-05
14.302	3.10E-05
14.314	2.65E-05
14.326	2.26E-05
14.338	1.92E-05
14.35	1.65E-05
14.362	1.45E-05
14.374	1.32E-05
14.386	1.26E-05
14.398	1.25E-05
14.41	1.30E-05
14.422	1.38E-05
14.433	1.50E-05
14.445	1.63E-05
14.457	1.76E-05
14.469	1.89E-05
14.481	2.01E-05
14.493	2.10E-05
14.505	2.17E-05
14.517	2.21E-05
14.529	2.21E-05
14.541	2.19E-05
14.553	2.14E-05
14.564	2.06E-05
14.576	1.97E-05
14.588	1.86E-05
14.6	1.74E-05
14.612	1.62E-05
14.624	1.49E-05
14.636	1.38E-05
14.648	1.27E-05
14.66	1.17E-05
14.672	1.08E-05
14.684	9.98E-06
14.695	9.29E-06
14.707	8.68E-06
14.719	8.15E-06
14.731	7.68E-06
14.743	7.25E-06
14.755	6.83E-06
14.767	6.42E-06
14.779	6.00E-06
14.791	5.57E-06
14.803	5.13E-06
14.815	4.67E-06
14.826	4.21E-06
14.838	3.75E-06
14.85	3.29E-06
14.862	2.86E-06
14.874	2.46E-06
14.886	2.09E-06
14.898	1.78E-06
14.91	1.52E-06
14.922	1.31E-06
14.934	1.15E-06
14.946	1.04E-06
14.957	9.77E-07
14.969	9.46E-07
14.981	9.41E-07
14.993	9.53E-07
15.005	9.71E-07
15.017	9.87E-07
15.029	9.95E-07
15.041	9.89E-07
15.053	9.66E-07
15.065	9.26E-07
15.077	8.68E-07
15.088	7.96E-07
15.1	7.14E-07
15.112	6.26E-07
15.124	5.38E-07
15.136	4.55E-07
15.148	3.81E-07
15.16	3.21E-07
15.172	2.76E-07
15.184	2.49E-07
15.196	2.38E-07
15.208	2.42E-07
15.219	2.60E-07
15.231	2.87E-07
15.243	3.20E-07
15.255	3.55E-07
15.267	3.87E-07
15.279	4.13E-07
15.291	4.31E-07
15.303	4.39E-07
15.315	4.35E-07
15.327	4.20E-07
15.339	3.95E-07
15.35	3.62E-07
15.362	3.23E-07
15.374	2.82E-07
15.386	2.40E-07
15.398	2.01E-07
15.41	1.67E-07
15.422	1.41E-07
15.434	1.22E-07
15.446	1.12E-07
15.458	1.11E-07
15.47	1.18E-07
15.481	1.30E-07
15.493	1.48E-07
15.505	1.67E-07
15.517	1.87E-07
15.529	2.05E-07
15.541	2.19E-07
15.553	2.29E-07
15.565	2.33E-07
15.577	2.31E-07
15.589	2.23E-07
15.601	2.10E-07
15.612	1.93E-07
15.624	1.72E-07
15.636	1.51E-07
15.648	1.29E-07
15.66	1.08E-07
15.672	9.03E-08
15.684	7.53E-08
15.696	6.40E-08
15.708	5.66E-08
15.72	5.27E-08
15.732	5.21E-08
15.743	5.39E-08
15.755	5.73E-08
15.767	6.16E-08
15.779	6.57E-08
15.791	6.90E-08
15.803	7.10E-08
15.815	7.11E-08
15.827	6.95E-08
15.839	6.60E-08
15.851	6.10E-08
15.863	5.50E-08
15.874	4.84E-08
15.886	4.18E-08
15.898	3.56E-08
15.91	3.04E-08
15.922	2.63E-08
15.934	2.37E-08
15.946	2.24E-08
15.958	2.24E-08
15.97	2.34E-08
15.982	2.51E-08
15.994	2.72E-08
16.005	2.94E-08
16.017	3.13E-08
16.029	3.29E-08
16.041	3.41E-08
16.053	3.50E-08
16.065	3.57E-08
16.077	3.67E-08
16.089	3.82E-08
16.101	4.07E-08
16.113	4.46E-08
16.125	5.00E-08
16.136	5.73E-08
16.148	6.65E-08
16.16	7.75E-08
16.172	9.02E-08
16.184	1.04E-07
16.196	1.20E-07
16.208	1.35E-07
16.22	1.52E-07
16.232	1.68E-07
16.244	1.85E-07
16.256	2.03E-07
16.267	2.20E-07
16.279	2.40E-07
16.291	2.61E-07
16.303	2.84E-07
16.315	3.11E-07
16.327	3.41E-07
16.339	3.75E-07
16.351	4.14E-07
16.363	4.57E-07
16.375	5.02E-07
16.387	5.49E-07
16.398	5.97E-07
16.41	6.43E-07
16.422	6.84E-07
16.434	7.19E-07
16.446	7.45E-07
16.458	7.61E-07
16.47	7.64E-07
16.482	7.54E-07
16.494	7.32E-07
16.506	6.98E-07
16.518	6.56E-07
16.529	6.08E-07
16.541	5.59E-07
16.553	5.14E-07
16.565	4.80E-07
16.577	4.62E-07
16.589	4.67E-07
16.601	5.00E-07
16.613	5.66E-07
16.625	6.68E-07
16.637	8.08E-07
16.649	9.87E-07
16.66	1.20E-06
16.672	1.45E-06
16.684	1.74E-06
16.696	2.05E-06
16.708	2.38E-06
16.72	2.73E-06
16.732	3.10E-06
16.744	3.48E-06
16.756	3.87E-06
16.768	4.29E-06
16.78	4.74E-06
16.791	5.23E-06
16.803	5.79E-06
16.815	6.42E-06
16.827	7.17E-06
16.839	8.04E-06
16.851	9.08E-06
16.863	1.03E-05
16.875	1.18E-05
16.887	1.34E-05
16.899	1.54E-05
16.911	1.76E-05
16.922	2.01E-05
16.934	2.29E-05
16.946	2.59E-05
16.958	2.91E-05
16.97	3.26E-05
16.982	3.61E-05
16.994	3.98E-05
17.006	4.35E-05
17.018	4.71E-05
17.03	5.05E-05
17.042	5.37E-05
17.053	5.67E-05
17.065	5.92E-05
17.077	6.12E-05
17.089	6.28E-05
17.101	6.38E-05
17.113	6.42E-05
17.125	6.40E-05
17.137	6.31E-05
17.149	6.17E-05
17.161	5.98E-05
17.173	5.74E-05
17.184	5.45E-05
17.196	5.13E-05
17.208	4.78E-05
17.22	4.41E-05
17.232	4.03E-05
17.244	3.65E-05
17.256	3.28E-05
17.268	2.91E-05
17.28	2.57E-05
17.292	2.26E-05
17.304	1.97E-05
17.315	1.72E-05
17.327	1.50E-05
17.339	1.31E-05
17.351	1.16E-05
17.363	1.04E-05
17.375	9.45E-06
17.387	8.73E-06
17.399	8.21E-06
17.411	7.84E-06
17.423	7.57E-06
17.435	7.37E-06
17.446	7.19E-06
17.458	7.01E-06
17.47	6.80E-06
17.482	6.55E-06
17.494	6.24E-06
17.506	5.88E-06
17.518	5.46E-06
17.53	5.00E-06
17.542	4.51E-06
17.554	4.00E-06
17.565	3.51E-06
17.577	3.04E-06
17.589	2.61E-06
17.601	2.23E-06
17.613	1.93E-06
17.625	1.70E-06
17.637	1.54E-06
17.649	1.47E-06
17.661	1.47E-06
17.673	1.54E-06
17.685	1.65E-06
17.696	1.81E-06
17.708	2.00E-06
17.72	2.19E-06
17.732	2.38E-06
17.744	2.56E-06
17.756	2.71E-06
17.768	2.83E-06
17.78	2.90E-06
17.792	2.94E-06
17.804	2.93E-06
17.816	2.88E-06
17.827	2.80E-06
17.839	2.69E-06
17.851	2.55E-06
17.863	2.40E-06
17.875	2.24E-06
17.887	2.09E-06
17.899	1.93E-06
17.911	1.79E-06
17.923	1.67E-06
17.935	1.55E-06
17.947	1.46E-06
17.958	1.37E-06
17.97	1.30E-06
17.982	1.24E-06
17.994	1.19E-06
18.006	1.13E-06
18.018	1.08E-06
18.03	1.03E-06
18.042	9.66E-07
18.054	9.01E-07
18.066	8.31E-07
18.078	7.56E-07
18.089	6.79E-07
18.101	6.00E-07
18.113	5.24E-07
18.125	4.52E-07
18.137	3.87E-07
18.149	3.31E-07
18.161	2.87E-07
18.173	2.54E-07
18.185	2.33E-07
18.197	2.23E-07
18.209	2.24E-07
18.22	2.33E-07
18.232	2.48E-07
18.244	2.66E-07
18.256	2.85E-07
18.268	3.02E-07
18.28	3.15E-07
18.292	3.22E-07
18.304	3.22E-07
18.316	3.14E-07
18.328	2.99E-07
18.34	2.78E-07
18.351	2.52E-07
18.363	2.23E-07
18.375	1.93E-07
18.387	1.65E-07
18.399	1.40E-07
18.411	1.21E-07
18.423	1.08E-07
18.435	1.04E-07
18.447	1.07E-07
18.459	1.18E-07
18.471	1.36E-07
18.482	1.59E-07
18.494	1.85E-07
18.506	2.13E-07
18.518	2.39E-07
18.53	2.62E-07
18.542	2.80E-07
18.554	2.92E-07
18.566	2.96E-07
18.578	2.92E-07
18.59	2.81E-07
18.602	2.64E-07
18.613	2.41E-07
18.625	2.16E-07
18.637	1.90E-07
18.649	1.65E-07
18.661	1.44E-07
18.673	1.30E-07
18.685	1.22E-07
18.697	1.24E-07
18.709	1.34E-07
18.721	1.54E-07
18.733	1.81E-07
18.744	2.15E-07
18.756	2.54E-07
18.768	2.95E-07
18.78	3.35E-07
18.792	3.73E-07
18.804	4.05E-07
18.816	4.31E-07
18.828	4.47E-07
18.84	4.52E-07
18.852	4.48E-07
18.864	4.33E-07
18.875	4.08E-07
18.887	3.76E-07
18.899	3.39E-07
18.911	2.98E-07
18.923	2.56E-07
18.935	2.17E-07
18.947	1.81E-07
18.959	1.53E-07
18.971	1.32E-07
18.983	1.21E-07
18.995	1.18E-07
19.006	1.25E-07
19.018	1.40E-07
19.03	1.61E-07
19.042	1.87E-07
19.054	2.15E-07
19.066	2.42E-07
19.078	2.68E-07
19.09	2.89E-07
19.102	3.04E-07
19.114	3.11E-07
19.126	3.11E-07
19.137	3.03E-07
19.149	2.87E-07
19.161	2.65E-07
19.173	2.39E-07
19.185	2.11E-07
19.197	1.83E-07
19.209	1.56E-07
19.221	1.34E-07
19.233	1.19E-07
19.245	1.11E-07
19.257	1.11E-07
19.268	1.20E-07
19.28	1.38E-07
19.292	1.63E-07
19.304	1.95E-07
19.316	2.31E-07
19.328	2.70E-07
19.34	3.10E-07
19.352	3.49E-07
19.364	3.85E-07
19.376	4.16E-07
19.388	4.42E-07
19.399	4.63E-07
19.411	4.77E-07
19.423	4.87E-07
19.435	4.93E-07
19.447	4.97E-07
19.459	5.00E-07
19.471	5.05E-07
19.483	5.13E-07
19.495	5.26E-07
19.507	5.45E-07
19.519	5.71E-07
19.53	6.04E-07
19.542	6.43E-07
19.554	6.87E-07
19.566	7.34E-07
19.578	7.82E-07
19.59	8.28E-07
19.602	8.69E-07
19.614	9.03E-07
19.626	9.28E-07
19.638	9.39E-07
19.65	9.37E-07
19.661	9.21E-07
19.673	8.90E-07
19.685	8.45E-07
19.697	7.89E-07
19.709	7.24E-07
19.721	6.53E-07
19.733	5.80E-07
19.745	5.08E-07
19.757	4.43E-07
19.769	3.88E-07
19.781	3.45E-07
19.792	3.18E-07
19.804	3.09E-07
19.816	3.17E-07
19.828	3.43E-07
19.84	3.86E-07
19.852	4.42E-07
19.864	5.09E-07
19.876	5.84E-07
19.888	6.61E-07
19.9	7.37E-07
19.912	8.07E-07
19.923	8.68E-07
19.935	9.17E-07
19.947	9.51E-07
19.959	9.71E-07
19.971	9.75E-07
19.983	9.67E-07
19.995	9.49E-07
20.007	9.25E-07
20.019	9.00E-07
20.031	8.80E-07
20.043	8.70E-07
20.054	8.77E-07
20.066	9.06E-07
20.078	9.63E-07
20.09	1.05E-06
20.102	1.18E-06
20.114	1.34E-06
20.126	1.53E-06
20.138	1.76E-06
20.15	2.03E-06
20.162	2.32E-06
20.174	2.63E-06
20.185	2.96E-06
20.197	3.29E-06
20.209	3.62E-06
20.221	3.94E-06
20.233	4.24E-06
20.245	4.51E-06
20.257	4.75E-06
20.269	4.95E-06
20.281	5.11E-06
20.293	5.22E-06
20.305	5.28E-06
20.316	5.29E-06
20.328	5.26E-06
20.34	5.18E-06
20.352	5.06E-06
20.364	4.90E-06
20.376	4.71E-06
20.388	4.49E-06
20.4	4.25E-06
20.412	3.99E-06
20.424	3.73E-06
20.436	3.45E-06
20.447	3.18E-06
20.459	2.91E-06
20.471	2.65E-06
20.483	2.39E-06
20.495	2.15E-06
20.507	1.92E-06
20.519	1.71E-06
20.531	1.51E-06
20.543	1.33E-06
20.555	1.16E-06
20.567	1.02E-06
20.578	8.85E-07
20.59	7.69E-07
20.602	6.66E-07
20.614	5.77E-07
20.626	5.01E-07
20.638	4.36E-07
20.65	3.82E-07
20.662	3.37E-07
20.674	3.00E-07
20.686	2.70E-07
20.698	2.46E-07
20.709	2.26E-07
20.721	2.11E-07
20.733	1.98E-07
20.745	1.86E-07
20.757	1.76E-07
20.769	1.66E-07
20.781	1.56E-07
20.793	1.46E-07
20.805	1.36E-07
20.817	1.25E-07
20.829	1.14E-07
20.84	1.04E-07
20.852	9.55E-08
20.864	8.83E-08
20.876	8.35E-08
20.888	8.15E-08
20.9	8.28E-08
20.912	8.76E-08
20.924	9.62E-08
20.936	1.08E-07
20.948	1.24E-07
20.96	1.43E-07
20.971	1.64E-07
20.983	1.87E-07
20.995	2.10E-07
21.007	2.33E-07
21.019	2.56E-07
21.031	2.76E-07
21.043	2.94E-07
21.055	3.09E-07
21.067	3.20E-07
21.079	3.27E-07
21.091	3.30E-07
21.102	3.29E-07
21.114	3.25E-07
21.126	3.18E-07
21.138	3.08E-07
21.15	2.95E-07
21.162	2.81E-07
21.174	2.66E-07
21.186	2.50E-07
21.198	2.34E-07
21.21	2.19E-07
21.222	2.03E-07
21.233	1.88E-07
21.245	1.74E-07
21.257	1.60E-07
21.269	1.48E-07
21.281	1.35E-07
21.293	1.23E-07
21.305	1.12E-07
21.317	1.01E-07
21.329	9.16E-08
21.341	8.24E-08
21.353	7.43E-08
21.364	6.74E-08
21.376	6.19E-08
21.388	5.81E-08
21.4	5.59E-08
21.412	5.56E-08
21.424	5.71E-08
21.436	6.03E-08
21.448	6.49E-08
21.46	7.06E-08
21.472	7.70E-08
21.483	8.35E-08
21.495	8.97E-08
21.507	9.50E-08
21.519	9.89E-08
21.531	1.01E-07
21.543	1.01E-07
21.555	9.91E-08
21.567	9.49E-08
21.579	8.89E-08
21.591	8.15E-08
21.603	7.31E-08
21.614	6.45E-08
21.626	5.64E-08
21.638	4.95E-08
21.65	4.45E-08
21.662	4.19E-08
21.674	4.24E-08
21.686	4.59E-08
21.698	5.27E-08
21.71	6.25E-08
21.722	7.47E-08
21.734	8.89E-08
21.745	1.04E-07
21.757	1.19E-07
21.769	1.33E-07
21.781	1.46E-07
21.793	1.56E-07
21.805	1.62E-07
21.817	1.65E-07
21.829	1.63E-07
21.841	1.58E-07
21.853	1.50E-07
21.865	1.40E-07
21.876	1.28E-07
21.888	1.16E-07
21.9	1.05E-07
21.912	9.70E-08
21.924	9.26E-08
21.936	9.30E-08
21.948	9.89E-08
21.96	1.11E-07
21.972	1.29E-07
21.984	1.52E-07
21.996	1.80E-07
22.007	2.12E-07
22.019	2.45E-07
22.031	2.78E-07
22.043	3.10E-07
22.055	3.38E-07
22.067	3.61E-07
22.079	3.77E-07
22.091	3.86E-07
22.103	3.86E-07
22.115	3.78E-07
22.127	3.61E-07
22.138	3.38E-07
22.15	3.09E-07
22.162	2.77E-07
22.174	2.42E-07
22.186	2.08E-07
22.198	1.77E-07
22.21	1.50E-07
22.222	1.29E-07
22.234	1.16E-07
22.246	1.11E-07
22.258	1.14E-07
22.269	1.25E-07
22.281	1.44E-07
22.293	1.68E-07
22.305	1.96E-07
22.317	2.25E-07
22.329	2.54E-07
22.341	2.80E-07
22.353	3.01E-07
22.365	3.16E-07
22.377	3.23E-07
22.389	3.23E-07
22.4	3.14E-07
22.412	2.99E-07
22.424	2.77E-07
22.436	2.52E-07
22.448	2.24E-07
22.46	1.97E-07
22.472	1.72E-07
22.484	1.53E-07
22.496	1.41E-07
22.508	1.37E-07
22.52	1.44E-07
22.531	1.61E-07
22.543	1.88E-07
22.555	2.24E-07
22.567	2.68E-07
22.579	3.18E-07
22.591	3.71E-07
22.603	4.26E-07
22.615	4.80E-07
22.627	5.30E-07
22.639	5.77E-07
22.651	6.17E-07
22.662	6.51E-07
22.674	6.78E-07
22.686	7.01E-07
22.698	7.19E-07
22.71	7.35E-07
22.722	7.52E-07
22.734	7.70E-07
22.746	7.94E-07
22.758	8.24E-07
22.77	8.63E-07
22.782	9.10E-07
22.793	9.66E-07
22.805	1.03E-06
22.817	1.10E-06
22.829	1.17E-06
22.841	1.25E-06
22.853	1.32E-06
22.865	1.38E-06
22.877	1.43E-06
22.889	1.46E-06
22.901	1.48E-06
22.913	1.47E-06
22.924	1.45E-06
22.936	1.40E-06
22.948	1.33E-06
22.96	1.24E-06
22.972	1.14E-06
22.984	1.03E-06
22.996	9.15E-07
23.008	8.06E-07
23.02	7.06E-07
23.032	6.23E-07
23.044	5.62E-07
23.055	5.27E-07
23.067	5.21E-07
23.079	5.46E-07
23.091	6.01E-07
23.103	6.84E-07
23.115	7.92E-07
23.127	9.18E-07
23.139	1.06E-06
23.151	1.20E-06
23.163	1.34E-06
23.175	1.48E-06
23.186	1.60E-06
23.198	1.69E-06
23.21	1.77E-06
23.222	1.82E-06
23.234	1.84E-06
23.246	1.84E-06
23.258	1.82E-06
23.27	1.80E-06
23.282	1.78E-06
23.294	1.77E-06
23.306	1.78E-06
23.317	1.83E-06
23.329	1.92E-06
23.341	2.07E-06
23.353	2.29E-06
23.365	2.58E-06
23.377	2.94E-06
23.389	3.38E-06
23.401	3.89E-06
23.413	4.47E-06
23.425	5.10E-06
23.437	5.77E-06
23.448	6.48E-06
23.46	7.19E-06
23.472	7.90E-06
23.484	8.59E-06
23.496	9.23E-06
23.508	9.81E-06
23.52	1.03E-05
23.532	1.07E-05
23.544	1.11E-05
23.556	1.13E-05
23.568	1.14E-05
23.579	1.14E-05
23.591	1.12E-05
23.603	1.10E-05
23.615	1.07E-05
23.627	1.03E-05
23.639	9.81E-06
23.651	9.28E-06
23.663	8.70E-06
23.675	8.10E-06
23.687	7.49E-06
23.699	6.87E-06
23.71	6.27E-06
23.722	5.68E-06
23.734	5.12E-06
23.746	4.60E-06
23.758	4.11E-06
23.77	3.65E-06
23.782	3.24E-06
23.794	2.86E-06
23.806	2.52E-06
23.818	2.22E-06
23.83	1.95E-06
23.841	1.70E-06
23.853	1.49E-06
23.865	1.29E-06
23.877	1.12E-06
23.889	9.65E-07
23.901	8.28E-07
23.913	7.06E-07
23.925	5.99E-07
23.937	5.06E-07
23.949	4.25E-07
23.961	3.57E-07
23.972	2.99E-07
23.984	2.52E-07
23.996	2.15E-07
24.008	1.86E-07
24.02	1.64E-07
24.032	1.49E-07
24.044	1.39E-07
24.056	1.32E-07
24.068	1.28E-07
24.08	1.26E-07
24.092	1.25E-07
24.103	1.25E-07
24.115	1.24E-07
24.127	1.25E-07
24.139	1.25E-07
24.151	1.27E-07
24.163	1.31E-07
24.175	1.36E-07
24.187	1.45E-07
24.199	1.57E-07
24.211	1.73E-07
24.223	1.93E-07
24.234	2.17E-07
24.246	2.45E-07
24.258	2.76E-07
24.27	3.09E-07
24.282	3.44E-07
24.294	3.79E-07
24.306	4.13E-07
24.318	4.45E-07
24.33	4.73E-07
24.342	4.96E-07
24.354	5.14E-07
24.365	5.26E-07
24.377	5.31E-07
24.389	5.29E-07
24.401	5.21E-07
24.413	5.06E-07
24.425	4.86E-07
24.437	4.62E-07
24.449	4.33E-07
24.461	4.02E-07
24.473	3.70E-07
24.485	3.37E-07
24.496	3.04E-07
24.508	2.73E-07
24.52	2.43E-07
24.532	2.16E-07
24.544	1.92E-07
24.556	1.71E-07
24.568	1.54E-07
24.58	1.39E-07
24.592	1.28E-07
24.604	1.20E-07
24.616	1.14E-07
24.627	1.12E-07
24.639	1.12E-07
24.651	1.14E-07
24.663	1.17E-07
24.675	1.23E-07
24.687	1.29E-07
24.699	1.36E-07
24.711	1.43E-07
24.723	1.50E-07
24.735	1.56E-07
24.747	1.61E-07
24.758	1.64E-07
24.77	1.66E-07
24.782	1.65E-07
24.794	1.61E-07
24.806	1.56E-07
24.818	1.48E-07
24.83	1.38E-07
24.842	1.26E-07
24.854	1.14E-07
24.866	1.01E-07
24.878	8.92E-08
24.889	7.90E-08
24.901	7.12E-08
24.913	6.67E-08
24.925	6.59E-08
24.937	6.92E-08
24.949	7.67E-08
24.961	8.83E-08
24.973	1.03E-07
24.985	1.21E-07
24.997	1.41E-07
25.009	1.62E-07
25.02	1.82E-07
25.032	2.00E-07
25.044	2.15E-07
25.056	2.26E-07
25.068	2.32E-07
25.08	2.34E-07
25.092	2.30E-07
25.104	2.21E-07
25.116	2.09E-07
25.128	1.94E-07
25.14	1.77E-07
25.151	1.61E-07
25.163	1.48E-07
25.175	1.39E-07
25.187	1.36E-07
25.199	1.40E-07
25.211	1.52E-07
25.223	1.73E-07
25.235	2.03E-07
25.247	2.40E-07
25.259	2.83E-07
25.271	3.30E-07
25.282	3.80E-07
25.294	4.30E-07
25.306	4.76E-07
25.318	5.17E-07
25.33	5.49E-07
25.342	5.71E-07
25.354	5.82E-07
25.366	5.80E-07
25.378	5.66E-07
25.39	5.40E-07
25.401	5.04E-07
25.413	4.60E-07
25.425	4.11E-07
25.437	3.59E-07
25.449	3.08E-07
25.461	2.62E-07
25.473	2.22E-07
25.485	1.92E-07
25.497	1.74E-07
25.509	1.68E-07
25.521	1.74E-07
25.532	1.93E-07
25.544	2.22E-07
25.556	2.59E-07
25.568	3.01E-07
25.58	3.45E-07
25.592	3.88E-07
25.604	4.27E-07
25.616	4.58E-07
25.628	4.79E-07
25.64	4.90E-07
25.652	4.88E-07
25.663	4.74E-07
25.675	4.49E-07
25.687	4.16E-07
25.699	3.77E-07
25.711	3.35E-07
25.723	2.95E-07
25.735	2.59E-07
25.747	2.32E-07
25.759	2.16E-07
25.771	2.15E-07
25.783	2.28E-07
25.794	2.58E-07
25.806	3.03E-07
25.818	3.63E-07
25.83	4.34E-07
25.842	5.14E-07
25.854	6.00E-07
25.866	6.88E-07
25.878	7.74E-07
25.89	8.55E-07
25.902	9.29E-07
25.914	9.94E-07
25.925	1.05E-06
25.937	1.10E-06
25.949	1.13E-06
25.961	1.17E-06
25.973	1.20E-06
25.985	1.23E-06
25.997	1.27E-06
26.009	1.31E-06
26.021	1.37E-06
26.033	1.44E-06
26.045	1.52E-06
26.056	1.62E-06
26.068	1.73E-06
26.08	1.85E-06
26.092	1.97E-06
26.104	2.10E-06
26.116	2.21E-06
26.128	2.32E-06
26.14	2.40E-06
26.152	2.45E-06
26.164	2.47E-06
26.176	2.46E-06
26.187	2.41E-06
26.199	2.32E-06
26.211	2.20E-06
26.223	2.05E-06
26.235	1.88E-06
26.247	1.69E-06
26.259	1.51E-06
26.271	1.33E-06
26.283	1.16E-06
26.295	1.03E-06
26.307	9.40E-07
26.318	8.92E-07
26.33	8.95E-07
26.342	9.50E-07
26.354	1.06E-06
26.366	1.21E-06
26.378	1.41E-06
26.39	1.64E-06
26.402	1.89E-06
26.414	2.15E-06
26.426	2.40E-06
26.438	2.64E-06
26.449	2.86E-06
26.461	3.04E-06
26.473	3.18E-06
26.485	3.27E-06
26.497	3.33E-06
26.509	3.35E-06
26.521	3.35E-06
26.533	3.34E-06
26.545	3.34E-06
26.557	3.37E-06
26.569	3.45E-06
26.58	3.60E-06
26.592	3.84E-06
26.604	4.20E-06
26.616	4.68E-06
26.628	5.30E-06
26.64	6.07E-06
26.652	6.98E-06
26.664	8.04E-06
26.676	9.22E-06
26.688	1.05E-05
26.7	1.19E-05
26.711	1.33E-05
26.723	1.48E-05
26.735	1.62E-05
26.747	1.76E-05
26.759	1.89E-05
26.771	2.01E-05
26.783	2.11E-05
26.795	2.20E-05
26.807	2.27E-05
26.819	2.31E-05
26.831	2.34E-05
26.842	2.34E-05
26.854	2.32E-05
26.866	2.28E-05
26.878	2.22E-05
26.89	2.14E-05
26.902	2.04E-05
26.914	1.94E-05
26.926	1.82E-05
26.938	1.70E-05
26.95	1.57E-05
26.962	1.45E-05
26.973	1.32E-05
26.985	1.19E-05
26.997	1.08E-05
27.009	9.62E-06
27.021	8.57E-06
27.033	7.59E-06
27.045	6.71E-06
27.057	5.90E-06
27.069	5.18E-06
27.081	4.54E-06
27.093	3.97E-06
27.104	3.47E-06
27.116	3.03E-06
27.128	2.64E-06
27.14	2.30E-06
27.152	1.99E-06
27.164	1.72E-06
27.176	1.49E-06
27.188	1.27E-06
27.2	1.08E-06
27.212	9.18E-07
27.224	7.71E-07
27.235	6.44E-07
27.247	5.35E-07
27.259	4.43E-07
27.271	3.67E-07
27.283	3.07E-07
27.295	2.59E-07
27.307	2.24E-07
27.319	1.99E-07
27.331	1.82E-07
27.343	1.71E-07
27.355	1.66E-07
27.366	1.64E-07
27.378	1.64E-07
27.39	1.65E-07
27.402	1.66E-07
27.414	1.67E-07
27.426	1.69E-07
27.438	1.71E-07
27.45	1.74E-07
27.462	1.79E-07
27.474	1.87E-07
27.486	1.97E-07
27.497	2.12E-07
27.509	2.30E-07
27.521	2.53E-07
27.533	2.80E-07
27.545	3.10E-07
27.557	3.43E-07
27.569	3.77E-07
27.581	4.11E-07
27.593	4.45E-07
27.605	4.75E-07
27.617	5.02E-07
27.628	5.24E-07
27.64	5.40E-07
27.652	5.49E-07
27.664	5.51E-07
27.676	5.46E-07
27.688	5.33E-07
27.7	5.15E-07
27.712	4.90E-07
27.724	4.61E-07
27.736	4.29E-07
27.748	3.94E-07
27.759	3.57E-07
27.771	3.21E-07
27.783	2.86E-07
27.795	2.53E-07
27.807	2.23E-07
27.819	1.96E-07
27.831	1.72E-07
27.843	1.53E-07
27.855	1.38E-07
27.867	1.26E-07
27.879	1.18E-07
27.89	1.13E-07
27.902	1.11E-07
27.914	1.11E-07
27.926	1.12E-07
27.938	1.15E-07
27.95	1.19E-07
27.962	1.23E-07
27.974	1.26E-07
27.986	1.29E-07
27.998	1.32E-07
28.01	1.33E-07
28.021	1.32E-07
28.033	1.30E-07
28.045	1.27E-07
28.057	1.21E-07
28.069	1.15E-07
28.081	1.07E-07
28.093	9.76E-08
28.105	8.81E-08
28.117	7.87E-08
28.129	6.98E-08
28.141	6.22E-08
28.152	5.63E-08
28.164	5.27E-08
28.176	5.19E-08
28.188	5.41E-08
28.2	5.96E-08
28.212	6.82E-08
28.224	7.97E-08
28.236	9.37E-08
28.248	1.09E-07
28.26	1.26E-07
28.272	1.43E-07
28.283	1.59E-07
28.295	1.73E-07
28.307	1.84E-07
28.319	1.91E-07
28.331	1.95E-07
28.343	1.95E-07
28.355	1.90E-07
28.367	1.83E-07
28.379	1.72E-07
28.391	1.60E-07
28.403	1.48E-07
28.414	1.38E-07
28.426	1.30E-07
28.438	1.27E-07
28.45	1.30E-07
28.462	1.39E-07
28.474	1.56E-07
28.486	1.81E-07
28.498	2.13E-07
28.51	2.51E-07
28.522	2.94E-07
28.534	3.41E-07
28.545	3.88E-07
28.557	4.35E-07
28.569	4.77E-07
28.581	5.13E-07
28.593	5.41E-07
28.605	5.58E-07
28.617	5.65E-07
28.629	5.59E-07
28.641	5.42E-07
28.653	5.15E-07
28.665	4.79E-07
28.676	4.35E-07
28.688	3.88E-07
28.7	3.39E-07
28.712	2.92E-07
28.724	2.50E-07
28.736	2.15E-07
28.748	1.90E-07
28.76	1.77E-07
28.772	1.75E-07
28.784	1.86E-07
28.796	2.08E-07
28.807	2.40E-07
28.819	2.80E-07
28.831	3.23E-07
28.843	3.68E-07
28.855	4.11E-07
28.867	4.49E-07
28.879	4.79E-07
28.891	4.98E-07
28.903	5.06E-07
28.915	5.02E-07
28.927	4.86E-07
28.938	4.59E-07
28.95	4.25E-07
28.962	3.86E-07
28.974	3.44E-07
28.986	3.06E-07
28.998	2.73E-07
29.01	2.50E-07
29.022	2.39E-07
29.034	2.44E-07
29.046	2.66E-07
29.058	3.05E-07
29.069	3.61E-07
29.081	4.31E-07
29.093	5.14E-07
29.105	6.07E-07
29.117	7.05E-07
29.129	8.05E-07
29.141	9.03E-07
29.153	9.96E-07
29.165	1.08E-06
29.177	1.16E-06
29.188	1.22E-06
29.2	1.28E-06
29.212	1.33E-06
29.224	1.38E-06
29.236	1.42E-06
29.248	1.47E-06
29.26	1.53E-06
29.272	1.60E-06
29.284	1.68E-06
29.296	1.78E-06
29.308	1.90E-06
29.319	2.04E-06
29.331	2.19E-06
29.343	2.36E-06
29.355	2.53E-06
29.367	2.70E-06
29.379	2.86E-06
29.391	3.00E-06
29.403	3.11E-06
29.415	3.20E-06
29.427	3.24E-06
29.439	3.23E-06
29.45	3.18E-06
29.462	3.08E-06
29.474	2.94E-06
29.486	2.76E-06
29.498	2.54E-06
29.51	2.31E-06
29.522	2.07E-06
29.534	1.84E-06
29.546	1.62E-06
29.558	1.45E-06
29.57	1.32E-06
29.581	1.25E-06
29.593	1.24E-06
29.605	1.31E-06
29.617	1.45E-06
29.629	1.66E-06
29.641	1.93E-06
29.653	2.25E-06
29.665	2.61E-06
29.677	3.00E-06
29.689	3.39E-06
29.701	3.78E-06
29.712	4.14E-06
29.724	4.47E-06
29.736	4.76E-06
29.748	5.00E-06
29.76	5.20E-06
29.772	5.37E-06
29.784	5.52E-06
29.796	5.66E-06
29.808	5.84E-06
29.82	6.07E-06
29.832	6.39E-06
29.843	6.83E-06
29.855	7.43E-06
29.867	8.23E-06
29.879	9.25E-06
29.891	1.05E-05
29.903	1.20E-05
29.915	1.38E-05
29.927	1.59E-05
29.939	1.82E-05
29.951	2.07E-05
29.963	2.34E-05
29.974	2.63E-05
29.986	2.92E-05
29.998	3.22E-05
30.01	3.52E-05
30.022	3.81E-05
30.034	4.08E-05
30.046	4.33E-05
30.058	4.55E-05
30.07	4.74E-05
30.082	4.88E-05
30.094	4.98E-05
30.105	5.04E-05
30.117	5.05E-05
30.129	5.02E-05
30.141	4.94E-05
30.153	4.81E-05
30.165	4.65E-05
30.177	4.45E-05
30.189	4.22E-05
30.201	3.97E-05
30.213	3.71E-05
30.225	3.43E-05
30.236	3.14E-05
30.248	2.86E-05
30.26	2.58E-05
30.272	2.31E-05
30.284	2.06E-05
30.296	1.82E-05
30.308	1.60E-05
30.32	1.40E-05
30.332	1.22E-05
30.344	1.07E-05
30.356	9.33E-06
30.367	8.16E-06
30.379	7.17E-06
30.391	6.33E-06
30.403	5.63E-06
30.415	5.04E-06
30.427	4.55E-06
30.439	4.13E-06
30.451	3.76E-06
30.463	3.44E-06
30.475	3.14E-06
30.487	2.87E-06
30.498	2.61E-06
30.51	2.35E-06
30.522	2.11E-06
30.534	1.87E-06
30.546	1.64E-06
30.558	1.43E-06
30.57	1.23E-06
30.582	1.04E-06
30.594	8.79E-07
30.606	7.38E-07
30.618	6.20E-07
30.629	5.26E-07
30.641	4.54E-07
30.653	4.03E-07
30.665	3.70E-07
30.677	3.53E-07
30.689	3.49E-07
30.701	3.52E-07
30.713	3.62E-07
30.725	3.73E-07
30.737	3.83E-07
30.749	3.91E-07
30.76	3.94E-07
30.772	3.91E-07
30.784	3.82E-07
30.796	3.67E-07
30.808	3.47E-07
30.82	3.22E-07
30.832	2.94E-07
30.844	2.64E-07
30.856	2.34E-07
30.868	2.04E-07
30.88	1.76E-07
30.891	1.51E-07
30.903	1.29E-07
30.915	1.11E-07
30.927	9.63E-08
30.939	8.54E-08
30.951	7.76E-08
30.963	7.25E-08
30.975	6.95E-08
30.987	6.79E-08
30.999	6.71E-08
31.011	6.66E-08
31.022	6.60E-08
31.034	6.49E-08
31.046	6.30E-08
31.058	6.05E-08
31.07	5.72E-08
31.082	5.33E-08
31.094	4.91E-08
31.106	4.47E-08
31.118	4.04E-08
31.13	3.64E-08
31.142	3.29E-08
31.153	3.01E-08
31.165	2.79E-08
31.177	2.65E-08
31.189	2.57E-08
31.201	2.55E-08
31.213	2.57E-08
31.225	2.61E-08
31.237	2.66E-08
31.249	2.70E-08
31.261	2.72E-08
31.273	2.72E-08
31.284	2.67E-08
31.296	2.60E-08
31.308	2.49E-08
31.32	2.35E-08
31.332	2.19E-08
31.344	2.03E-08
31.356	1.87E-08
31.368	1.72E-08
31.38	1.60E-08
31.392	1.50E-08
31.404	1.44E-08
31.415	1.41E-08
31.427	1.41E-08
31.439	1.43E-08
31.451	1.47E-08
31.463	1.52E-08
31.475	1.57E-08
31.487	1.61E-08
31.499	1.64E-08
31.511	1.65E-08
31.523	1.64E-08
31.535	1.60E-08
31.546	1.55E-08
31.558	1.47E-08
31.57	1.39E-08
31.582	1.30E-08
31.594	1.21E-08
31.606	1.13E-08
31.618	1.07E-08
31.63	1.03E-08
31.642	1.01E-08
31.654	1.03E-08
31.666	1.09E-08
31.677	1.17E-08
31.689	1.29E-08
31.701	1.43E-08
31.713	1.60E-08
31.725	1.78E-08
31.737	1.98E-08
31.749	2.19E-08
31.761	2.39E-08
31.773	2.59E-08
31.785	2.78E-08
31.797	2.95E-08
31.808	3.10E-08
31.82	3.22E-08
31.832	3.32E-08
31.844	3.37E-08
31.856	3.40E-08
31.868	3.38E-08
31.88	3.32E-08
31.892	3.23E-08
31.904	3.10E-08
31.916	2.94E-08
31.928	2.76E-08
31.939	2.56E-08
31.951	2.36E-08
31.963	2.16E-08
31.975	1.98E-08
31.987	1.83E-08
31.999	1.72E-08
32.011	1.66E-08
32.023	1.66E-08
32.035	1.72E-08
32.047	1.85E-08
32.059	2.03E-08
32.07	2.27E-08
32.082	2.55E-08
32.094	2.86E-08
32.106	3.18E-08
32.118	3.50E-08
32.13	3.79E-08
32.142	4.03E-08
32.154	4.21E-08
32.166	4.32E-08
32.178	4.36E-08
32.19	4.32E-08
32.201	4.21E-08
32.213	4.04E-08
32.225	3.84E-08
32.237	3.64E-08
32.249	3.46E-08
32.261	3.34E-08
32.273	3.31E-08
32.285	3.40E-08
32.297	3.64E-08
32.309	4.04E-08
32.321	4.62E-08
32.332	5.38E-08
32.344	6.31E-08
32.356	7.39E-08
32.368	8.60E-08
32.38	9.91E-08
32.392	1.13E-07
32.404	1.27E-07
32.416	1.40E-07
32.428	1.54E-07
32.44	1.67E-07
32.452	1.79E-07
32.463	1.90E-07
32.475	2.01E-07
32.487	2.12E-07
32.499	2.23E-07
32.511	2.35E-07
32.523	2.49E-07
32.535	2.64E-07
32.547	2.82E-07
32.559	3.03E-07
32.571	3.27E-07
32.583	3.54E-07
32.594	3.84E-07
32.606	4.16E-07
32.618	4.50E-07
32.63	4.85E-07
32.642	5.19E-07
32.654	5.51E-07
32.666	5.79E-07
32.678	6.02E-07
32.69	6.19E-07
32.702	6.29E-07
32.714	6.29E-07
32.725	6.21E-07
32.737	6.04E-07
32.749	5.78E-07
32.761	5.45E-07
32.773	5.06E-07
32.785	4.64E-07
32.797	4.20E-07
32.809	3.78E-07
32.821	3.41E-07
32.833	3.11E-07
32.845	2.91E-07
32.856	2.83E-07
32.868	2.91E-07
32.88	3.14E-07
32.892	3.53E-07
32.904	4.09E-07
32.916	4.79E-07
32.928	5.63E-07
32.94	6.58E-07
32.952	7.61E-07
32.964	8.70E-07
32.976	9.81E-07
32.987	1.09E-06
32.999	1.20E-06
33.011	1.31E-06
33.023	1.41E-06
33.035	1.51E-06
33.047	1.61E-06
33.059	1.72E-06
33.071	1.83E-06
33.083	1.97E-06
33.095	2.14E-06
33.106	2.34E-06
33.118	2.59E-06
33.13	2.90E-06
33.142	3.27E-06
33.154	3.73E-06
33.166	4.26E-06
33.178	4.89E-06
33.19	5.61E-06
33.202	6.41E-06
33.214	7.31E-06
33.226	8.29E-06
33.237	9.33E-06
33.249	1.04E-05
33.261	1.16E-05
33.273	1.27E-05
33.285	1.38E-05
33.297	1.50E-05
33.309	1.60E-05
33.321	1.70E-05
33.333	1.78E-05
33.345	1.86E-05
33.357	1.92E-05
33.368	1.96E-05
33.38	1.98E-05
33.392	1.99E-05
33.404	1.98E-05
33.416	1.95E-05
33.428	1.90E-05
33.44	1.84E-05
33.452	1.76E-05
33.464	1.67E-05
33.476	1.57E-05
33.488	1.46E-05
33.499	1.35E-05
33.511	1.23E-05
33.523	1.11E-05
33.535	9.97E-06
33.547	8.86E-06
33.559	7.82E-06
33.571	6.86E-06
33.583	5.99E-06
33.595	5.22E-06
33.607	4.55E-06
33.619	3.99E-06
33.63	3.52E-06
33.642	3.14E-06
33.654	2.85E-06
33.666	2.63E-06
33.678	2.46E-06
33.69	2.34E-06
33.702	2.26E-06
33.714	2.19E-06
33.726	2.13E-06
33.738	2.08E-06
33.75	2.01E-06
33.761	1.94E-06
33.773	1.85E-06
33.785	1.74E-06
33.797	1.62E-06
33.809	1.48E-06
33.821	1.34E-06
33.833	1.20E-06
33.845	1.05E-06
33.857	9.19E-07
33.869	7.98E-07
33.881	6.95E-07
33.892	6.13E-07
33.904	5.55E-07
33.916	5.23E-07
33.928	5.17E-07
33.94	5.35E-07
33.952	5.75E-07
33.964	6.34E-07
33.976	7.08E-07
33.988	7.91E-07
34	8.81E-07
34.012	9.71E-07
34.023	1.06E-06
34.035	1.14E-06
34.047	1.20E-06
34.059	1.26E-06
34.071	1.29E-06
34.083	1.32E-06
34.095	1.32E-06
34.107	1.31E-06
34.119	1.29E-06
34.131	1.26E-06
34.143	1.21E-06
34.154	1.16E-06
34.166	1.10E-06
34.178	1.04E-06
34.19	9.75E-07
34.202	9.13E-07
34.214	8.52E-07
34.226	7.94E-07
34.238	7.39E-07
34.25	6.87E-07
34.262	6.38E-07
34.274	5.91E-07
34.285	5.46E-07
34.297	5.03E-07
34.309	4.62E-07
34.321	4.21E-07
34.333	3.81E-07
34.345	3.42E-07
34.357	3.03E-07
34.369	2.67E-07
34.381	2.32E-07
34.393	2.00E-07
34.405	1.71E-07
34.416	1.45E-07
34.428	1.25E-07
34.44	1.08E-07
34.452	9.65E-08
34.464	8.94E-08
34.476	8.65E-08
34.488	8.74E-08
34.5	9.12E-08
34.512	9.71E-08
34.524	1.04E-07
34.536	1.11E-07
34.547	1.17E-07
34.559	1.22E-07
34.571	1.24E-07
34.583	1.24E-07
34.595	1.20E-07
34.607	1.14E-07
34.619	1.05E-07
34.631	9.50E-08
34.643	8.35E-08
34.655	7.17E-08
34.667	6.06E-08
34.678	5.11E-08
34.69	4.39E-08
34.702	3.96E-08
34.714	3.88E-08
34.726	4.14E-08
34.738	4.75E-08
34.75	5.66E-08
34.762	6.82E-08
34.774	8.14E-08
34.786	9.53E-08
34.798	1.09E-07
34.809	1.21E-07
34.821	1.31E-07
34.833	1.39E-07
34.845	1.42E-07
34.857	1.42E-07
34.869	1.39E-07
34.881	1.32E-07
34.893	1.23E-07
34.905	1.11E-07
34.917	9.93E-08
34.929	8.76E-08
34.94	7.75E-08
34.952	7.01E-08
34.964	6.62E-08
34.976	6.66E-08
34.988	7.18E-08
35	8.18E-08
