-35	3.64E-05
-34.988	3.61E-05
-34.976	3.54E-05
-34.964	3.44E-05
-34.952	3.32E-05
-34.94	3.17E-05
-34.929	3.00E-05
-34.917	2.81E-05
-34.905	2.61E-05
-34.893	2.40E-05
-34.881	2.18E-05
-34.869	1.97E-05
-34.857	1.77E-05
-34.845	1.57E-05
-34.833	1.38E-05
-34.821	1.21E-05
-34.809	1.06E-05
-34.798	9.21E-06
-34.786	8.02E-06
-34.774	7.02E-06
-34.762	6.18E-06
-34.75	5.51E-06
-34.738	4.97E-06
-34.726	4.56E-06
-34.714	4.24E-06
-34.702	4.00E-06
-34.69	3.82E-06
-34.678	3.67E-06
-34.667	3.54E-06
-34.655	3.42E-06
-34.643	3.28E-06
-34.631	3.13E-06
-34.619	2.96E-06
-34.607	2.77E-06
-34.595	2.56E-06
-34.583	2.33E-06
-34.571	2.09E-06
-34.559	1.85E-06
-34.547	1.61E-06
-34.536	1.40E-06
-34.524	1.20E-06
-34.512	1.03E-06
-34.5	8.96E-07
-34.488	7.97E-07
-34.476	7.36E-07
-34.464	7.12E-07
-34.452	7.22E-07
-34.44	7.63E-07
-34.428	8.29E-07
-34.416	9.14E-07
-34.405	1.01E-06
-34.393	1.12E-06
-34.381	1.22E-06
-34.369	1.31E-06
-34.357	1.40E-06
-34.345	1.46E-06
-34.333	1.51E-06
-34.321	1.54E-06
-34.309	1.54E-06
-34.297	1.53E-06
-34.285	1.50E-06
-34.274	1.45E-06
-34.262	1.39E-06
-34.25	1.32E-06
-34.238	1.24E-06
-34.226	1.16E-06
-34.214	1.08E-06
-34.202	1.00E-06
-34.19	9.28E-07
-34.178	8.60E-07
-34.166	7.98E-07
-34.154	7.43E-07
-34.143	6.93E-07
-34.131	6.48E-07
-34.119	6.08E-07
-34.107	5.70E-07
-34.095	5.33E-07
-34.083	4.98E-07
-34.071	4.62E-07
-34.059	4.26E-07
-34.047	3.88E-07
-34.035	3.51E-07
-34.023	3.12E-07
-34.012	2.75E-07
-34	2.38E-07
-33.988	2.04E-07
-33.976	1.73E-07
-33.964	1.45E-07
-33.952	1.22E-07
-33.94	1.04E-07
-33.928	9.10E-08
-33.916	8.29E-08
-33.904	7.93E-08
-33.892	7.97E-08
-33.881	8.30E-08
-33.869	8.85E-08
-33.857	9.49E-08
-33.845	1.01E-07
-33.833	1.07E-07
-33.821	1.11E-07
-33.809	1.12E-07
-33.797	1.11E-07
-33.785	1.07E-07
-33.773	1.00E-07
-33.761	9.15E-08
-33.75	8.13E-08
-33.738	7.03E-08
-33.726	5.95E-08
-33.714	4.95E-08
-33.702	4.12E-08
-33.69	3.52E-08
-33.678	3.19E-08
-33.666	3.17E-08
-33.654	3.45E-08
-33.642	4.01E-08
-33.63	4.80E-08
-33.619	5.76E-08
-33.607	6.81E-08
-33.595	7.88E-08
-33.583	8.88E-08
-33.571	9.72E-08
-33.559	1.04E-07
-33.547	1.07E-07
-33.535	1.08E-07
-33.523	1.06E-07
-33.511	1.01E-07
-33.499	9.37E-08
-33.488	8.49E-08
-33.476	7.53E-08
-33.464	6.56E-08
-33.452	5.70E-08
-33.44	5.01E-08
-33.428	4.57E-08
-33.416	4.44E-08
-33.404	4.66E-08
-33.392	5.24E-08
-33.38	6.15E-08
-33.368	7.37E-08
-33.357	8.82E-08
-33.345	1.04E-07
-33.333	1.21E-07
-33.321	1.37E-07
-33.309	1.52E-07
-33.297	1.64E-07
-33.285	1.73E-07
-33.273	1.79E-07
-33.261	1.80E-07
-33.249	1.77E-07
-33.237	1.70E-07
-33.226	1.59E-07
-33.214	1.46E-07
-33.202	1.30E-07
-33.19	1.13E-07
-33.178	9.70E-08
-33.166	8.17E-08
-33.154	6.85E-08
-33.142	5.83E-08
-33.13	5.15E-08
-33.118	4.86E-08
-33.106	4.96E-08
-33.095	5.43E-08
-33.083	6.22E-08
-33.071	7.26E-08
-33.059	8.47E-08
-33.047	9.75E-08
-33.035	1.10E-07
-33.023	1.21E-07
-33.011	1.30E-07
-32.999	1.36E-07
-32.987	1.39E-07
-32.976	1.38E-07
-32.964	1.34E-07
-32.952	1.26E-07
-32.94	1.17E-07
-32.928	1.05E-07
-32.916	9.25E-08
-32.904	8.04E-08
-32.892	6.96E-08
-32.88	6.10E-08
-32.868	5.56E-08
-32.856	5.39E-08
-32.845	5.64E-08
-32.833	6.32E-08
-32.821	7.42E-08
-32.809	8.88E-08
-32.797	1.07E-07
-32.785	1.27E-07
-32.773	1.48E-07
-32.761	1.70E-07
-32.749	1.91E-07
-32.737	2.10E-07
-32.725	2.28E-07
-32.714	2.43E-07
-32.702	2.55E-07
-32.69	2.65E-07
-32.678	2.72E-07
-32.666	2.78E-07
-32.654	2.84E-07
-32.642	2.89E-07
-32.63	2.96E-07
-32.618	3.05E-07
-32.606	3.17E-07
-32.594	3.32E-07
-32.583	3.52E-07
-32.571	3.75E-07
-32.559	4.02E-07
-32.547	4.31E-07
-32.535	4.62E-07
-32.523	4.93E-07
-32.511	5.22E-07
-32.499	5.49E-07
-32.487	5.71E-07
-32.475	5.86E-07
-32.463	5.94E-07
-32.452	5.93E-07
-32.44	5.83E-07
-32.428	5.64E-07
-32.416	5.37E-07
-32.404	5.02E-07
-32.392	4.62E-07
-32.38	4.19E-07
-32.368	3.74E-07
-32.356	3.31E-07
-32.344	2.93E-07
-32.332	2.61E-07
-32.321	2.39E-07
-32.309	2.28E-07
-32.297	2.29E-07
-32.285	2.43E-07
-32.273	2.70E-07
-32.261	3.10E-07
-32.249	3.61E-07
-32.237	4.20E-07
-32.225	4.85E-07
-32.213	5.54E-07
-32.201	6.22E-07
-32.19	6.88E-07
-32.178	7.48E-07
-32.166	8.01E-07
-32.154	8.44E-07
-32.142	8.77E-07
-32.13	9.01E-07
-32.118	9.18E-07
-32.106	9.29E-07
-32.094	9.38E-07
-32.082	9.50E-07
-32.07	9.71E-07
-32.059	1.00E-06
-32.047	1.06E-06
-32.035	1.14E-06
-32.023	1.25E-06
-32.011	1.39E-06
-31.999	1.57E-06
-31.987	1.80E-06
-31.975	2.07E-06
-31.963	2.37E-06
-31.951	2.72E-06
-31.939	3.10E-06
-31.928	3.51E-06
-31.916	3.95E-06
-31.904	4.39E-06
-31.892	4.84E-06
-31.88	5.29E-06
-31.868	5.71E-06
-31.856	6.11E-06
-31.844	6.48E-06
-31.832	6.80E-06
-31.82	7.07E-06
-31.808	7.28E-06
-31.797	7.43E-06
-31.785	7.51E-06
-31.773	7.52E-06
-31.761	7.47E-06
-31.749	7.35E-06
-31.737	7.17E-06
-31.725	6.94E-06
-31.713	6.66E-06
-31.701	6.33E-06
-31.689	5.97E-06
-31.677	5.59E-06
-31.666	5.19E-06
-31.654	4.78E-06
-31.642	4.37E-06
-31.63	3.97E-06
-31.618	3.58E-06
-31.606	3.21E-06
-31.594	2.86E-06
-31.582	2.54E-06
-31.57	2.24E-06
-31.558	1.97E-06
-31.546	1.72E-06
-31.535	1.51E-06
-31.523	1.31E-06
-31.511	1.15E-06
-31.499	1.00E-06
-31.487	8.79E-07
-31.475	7.73E-07
-31.463	6.82E-07
-31.451	6.04E-07
-31.439	5.37E-07
-31.427	4.80E-07
-31.415	4.31E-07
-31.404	3.88E-07
-31.392	3.50E-07
-31.38	3.16E-07
-31.368	2.86E-07
-31.356	2.59E-07
-31.344	2.34E-07
-31.332	2.11E-07
-31.32	1.90E-07
-31.308	1.70E-07
-31.296	1.52E-07
-31.284	1.36E-07
-31.273	1.21E-07
-31.261	1.08E-07
-31.249	9.71E-08
-31.237	8.78E-08
-31.225	8.05E-08
-31.213	7.54E-08
-31.201	7.25E-08
-31.189	7.20E-08
-31.177	7.37E-08
-31.165	7.77E-08
-31.153	8.38E-08
-31.142	9.19E-08
-31.13	1.02E-07
-31.118	1.13E-07
-31.106	1.24E-07
-31.094	1.37E-07
-31.082	1.49E-07
-31.07	1.61E-07
-31.058	1.71E-07
-31.046	1.81E-07
-31.034	1.88E-07
-31.022	1.93E-07
-31.011	1.96E-07
-30.999	1.97E-07
-30.987	1.95E-07
-30.975	1.90E-07
-30.963	1.83E-07
-30.951	1.75E-07
-30.939	1.64E-07
-30.927	1.53E-07
-30.915	1.41E-07
-30.903	1.28E-07
-30.891	1.16E-07
-30.88	1.04E-07
-30.868	9.25E-08
-30.856	8.23E-08
-30.844	7.31E-08
-30.832	6.51E-08
-30.82	5.83E-08
-30.808	5.27E-08
-30.796	4.81E-08
-30.784	4.44E-08
-30.772	4.15E-08
-30.76	3.93E-08
-30.749	3.76E-08
-30.737	3.63E-08
-30.725	3.54E-08
-30.713	3.48E-08
-30.701	3.44E-08
-30.689	3.43E-08
-30.677	3.45E-08
-30.665	3.49E-08
-30.653	3.56E-08
-30.641	3.66E-08
-30.629	3.76E-08
-30.618	3.88E-08
-30.606	3.99E-08
-30.594	4.08E-08
-30.582	4.15E-08
-30.57	4.18E-08
-30.558	4.15E-08
-30.546	4.06E-08
-30.534	3.92E-08
-30.522	3.71E-08
-30.51	3.46E-08
-30.498	3.19E-08
-30.487	2.91E-08
-30.475	2.65E-08
-30.463	2.44E-08
-30.451	2.32E-08
-30.439	2.31E-08
-30.427	2.44E-08
-30.415	2.73E-08
-30.403	3.17E-08
-30.391	3.77E-08
-30.379	4.51E-08
-30.367	5.36E-08
-30.356	6.27E-08
-30.344	7.21E-08
-30.332	8.12E-08
-30.32	8.94E-08
-30.308	9.63E-08
-30.296	1.01E-07
-30.284	1.05E-07
-30.272	1.05E-07
-30.26	1.04E-07
-30.248	1.01E-07
-30.236	9.67E-08
-30.225	9.14E-08
-30.213	8.61E-08
-30.201	8.18E-08
-30.189	7.92E-08
-30.177	7.95E-08
-30.165	8.32E-08
-30.153	9.12E-08
-30.141	1.04E-07
-30.129	1.21E-07
-30.117	1.42E-07
-30.105	1.68E-07
-30.094	1.96E-07
-30.082	2.26E-07
-30.07	2.57E-07
-30.058	2.87E-07
-30.046	3.13E-07
-30.034	3.36E-07
-30.022	3.53E-07
-30.01	3.63E-07
-29.998	3.66E-07
-29.986	3.61E-07
-29.974	3.49E-07
-29.963	3.29E-07
-29.951	3.04E-07
-29.939	2.75E-07
-29.927	2.44E-07
-29.915	2.12E-07
-29.903	1.83E-07
-29.891	1.57E-07
-29.879	1.38E-07
-29.867	1.26E-07
-29.855	1.22E-07
-29.843	1.28E-07
-29.832	1.42E-07
-29.82	1.64E-07
-29.808	1.93E-07
-29.796	2.27E-07
-29.784	2.64E-07
-29.772	3.01E-07
-29.76	3.35E-07
-29.748	3.65E-07
-29.736	3.87E-07
-29.724	4.01E-07
-29.712	4.06E-07
-29.701	4.01E-07
-29.689	3.87E-07
-29.677	3.65E-07
-29.665	3.38E-07
-29.653	3.07E-07
-29.641	2.77E-07
-29.629	2.49E-07
-29.617	2.28E-07
-29.605	2.17E-07
-29.593	2.19E-07
-29.581	2.34E-07
-29.57	2.65E-07
-29.558	3.12E-07
-29.546	3.74E-07
-29.534	4.50E-07
-29.522	5.37E-07
-29.51	6.32E-07
-29.498	7.32E-07
-29.486	8.33E-07
-29.474	9.33E-07
-29.462	1.03E-06
-29.45	1.12E-06
-29.439	1.20E-06
-29.427	1.27E-06
-29.415	1.33E-06
-29.403	1.39E-06
-29.391	1.45E-06
-29.379	1.51E-06
-29.367	1.58E-06
-29.355	1.65E-06
-29.343	1.74E-06
-29.331	1.85E-06
-29.319	1.98E-06
-29.308	2.12E-06
-29.296	2.29E-06
-29.284	2.47E-06
-29.272	2.67E-06
-29.26	2.86E-06
-29.248	3.06E-06
-29.236	3.24E-06
-29.224	3.40E-06
-29.212	3.53E-06
-29.2	3.62E-06
-29.188	3.67E-06
-29.177	3.66E-06
-29.165	3.60E-06
-29.153	3.49E-06
-29.141	3.32E-06
-29.129	3.11E-06
-29.117	2.87E-06
-29.105	2.61E-06
-29.093	2.35E-06
-29.081	2.10E-06
-29.069	1.88E-06
-29.058	1.72E-06
-29.046	1.61E-06
-29.034	1.58E-06
-29.022	1.64E-06
-29.01	1.80E-06
-28.998	2.05E-06
-28.986	2.38E-06
-28.974	2.80E-06
-28.962	3.29E-06
-28.95	3.83E-06
-28.938	4.41E-06
-28.927	5.00E-06
-28.915	5.59E-06
-28.903	6.15E-06
-28.891	6.69E-06
-28.879	7.18E-06
-28.867	7.63E-06
-28.855	8.04E-06
-28.843	8.43E-06
-28.831	8.83E-06
-28.819	9.27E-06
-28.807	9.78E-06
-28.796	1.04E-05
-28.784	1.12E-05
-28.772	1.23E-05
-28.76	1.36E-05
-28.748	1.53E-05
-28.736	1.74E-05
-28.724	1.98E-05
-28.712	2.27E-05
-28.7	2.61E-05
-28.688	2.99E-05
-28.676	3.41E-05
-28.665	3.87E-05
-28.653	4.37E-05
-28.641	4.88E-05
-28.629	5.42E-05
-28.617	5.95E-05
-28.605	6.49E-05
-28.593	7.00E-05
-28.581	7.49E-05
-28.569	7.93E-05
-28.557	8.32E-05
-28.545	8.65E-05
-28.534	8.91E-05
-28.522	9.09E-05
-28.51	9.19E-05
-28.498	9.20E-05
-28.486	9.13E-05
-28.474	8.98E-05
-28.462	8.76E-05
-28.45	8.46E-05
-28.438	8.10E-05
-28.426	7.68E-05
-28.414	7.22E-05
-28.403	6.73E-05
-28.391	6.22E-05
-28.379	5.69E-05
-28.367	5.17E-05
-28.355	4.66E-05
-28.343	4.16E-05
-28.331	3.69E-05
-28.319	3.25E-05
-28.307	2.85E-05
-28.295	2.49E-05
-28.283	2.17E-05
-28.272	1.89E-05
-28.26	1.65E-05
-28.248	1.45E-05
-28.236	1.28E-05
-28.224	1.15E-05
-28.212	1.04E-05
-28.2	9.45E-06
-28.188	8.71E-06
-28.176	8.09E-06
-28.164	7.56E-06
-28.152	7.09E-06
-28.141	6.64E-06
-28.129	6.21E-06
-28.117	5.77E-06
-28.105	5.31E-06
-28.093	4.85E-06
-28.081	4.38E-06
-28.069	3.90E-06
-28.057	3.44E-06
-28.045	2.99E-06
-28.033	2.57E-06
-28.021	2.19E-06
-28.01	1.85E-06
-27.998	1.57E-06
-27.986	1.35E-06
-27.974	1.18E-06
-27.962	1.07E-06
-27.95	1.01E-06
-27.938	1.00E-06
-27.926	1.03E-06
-27.914	1.08E-06
-27.902	1.16E-06
-27.89	1.24E-06
-27.879	1.33E-06
-27.867	1.41E-06
-27.855	1.48E-06
-27.843	1.53E-06
-27.831	1.56E-06
-27.819	1.56E-06
-27.807	1.54E-06
-27.795	1.51E-06
-27.783	1.45E-06
-27.771	1.37E-06
-27.759	1.28E-06
-27.748	1.19E-06
-27.736	1.09E-06
-27.724	9.90E-07
-27.712	8.94E-07
-27.7	8.04E-07
-27.688	7.22E-07
-27.676	6.50E-07
-27.664	5.88E-07
-27.652	5.36E-07
-27.64	4.94E-07
-27.628	4.60E-07
-27.617	4.33E-07
-27.605	4.12E-07
-27.593	3.95E-07
-27.581	3.81E-07
-27.569	3.68E-07
-27.557	3.55E-07
-27.545	3.42E-07
-27.533	3.27E-07
-27.521	3.11E-07
-27.509	2.94E-07
-27.497	2.75E-07
-27.486	2.55E-07
-27.474	2.34E-07
-27.462	2.14E-07
-27.45	1.93E-07
-27.438	1.73E-07
-27.426	1.55E-07
-27.414	1.37E-07
-27.402	1.22E-07
-27.39	1.08E-07
-27.378	9.60E-08
-27.366	8.58E-08
-27.355	7.72E-08
-27.343	7.02E-08
-27.331	6.45E-08
-27.319	6.00E-08
-27.307	5.64E-08
-27.295	5.36E-08
-27.283	5.14E-08
-27.271	4.95E-08
-27.259	4.80E-08
-27.247	4.65E-08
-27.235	4.50E-08
-27.224	4.35E-08
-27.212	4.18E-08
-27.2	4.00E-08
-27.188	3.80E-08
-27.176	3.58E-08
-27.164	3.36E-08
-27.152	3.13E-08
-27.14	2.89E-08
-27.128	2.67E-08
-27.116	2.47E-08
-27.104	2.29E-08
-27.093	2.14E-08
-27.081	2.03E-08
-27.069	1.97E-08
-27.057	1.95E-08
-27.045	1.97E-08
-27.033	2.04E-08
-27.021	2.14E-08
-27.009	2.27E-08
-26.997	2.42E-08
-26.985	2.60E-08
-26.973	2.78E-08
-26.962	2.98E-08
-26.95	3.19E-08
-26.938	3.42E-08
-26.926	3.67E-08
-26.914	3.96E-08
-26.902	4.30E-08
-26.89	4.71E-08
-26.878	5.19E-08
-26.866	5.75E-08
-26.854	6.40E-08
-26.842	7.14E-08
-26.831	7.96E-08
-26.819	8.82E-08
-26.807	9.72E-08
-26.795	1.06E-07
-26.783	1.14E-07
-26.771	1.22E-07
-26.759	1.28E-07
-26.747	1.32E-07
-26.735	1.34E-07
-26.723	1.33E-07
-26.711	1.31E-07
-26.7	1.25E-07
-26.688	1.18E-07
-26.676	1.08E-07
-26.664	9.81E-08
-26.652	8.74E-08
-26.64	7.71E-08
-26.628	6.83E-08
-26.616	6.16E-08
-26.604	5.79E-08
-26.592	5.76E-08
-26.58	6.13E-08
-26.569	6.90E-08
-26.557	8.06E-08
-26.545	9.56E-08
-26.533	1.13E-07
-26.521	1.33E-07
-26.509	1.53E-07
-26.497	1.72E-07
-26.485	1.89E-07
-26.473	2.03E-07
-26.461	2.13E-07
-26.449	2.19E-07
-26.438	2.19E-07
-26.426	2.15E-07
-26.414	2.06E-07
-26.402	1.94E-07
-26.39	1.80E-07
-26.378	1.66E-07
-26.366	1.53E-07
-26.354	1.45E-07
-26.342	1.42E-07
-26.33	1.46E-07
-26.318	1.60E-07
-26.307	1.83E-07
-26.295	2.16E-07
-26.283	2.60E-07
-26.271	3.13E-07
-26.259	3.74E-07
-26.247	4.41E-07
-26.235	5.13E-07
-26.223	5.86E-07
-26.211	6.60E-07
-26.199	7.32E-07
-26.187	8.01E-07
-26.176	8.66E-07
-26.164	9.26E-07
-26.152	9.82E-07
-26.14	1.04E-06
-26.128	1.09E-06
-26.116	1.14E-06
-26.104	1.20E-06
-26.092	1.27E-06
-26.08	1.35E-06
-26.068	1.44E-06
-26.056	1.55E-06
-26.045	1.67E-06
-26.033	1.81E-06
-26.021	1.95E-06
-26.009	2.11E-06
-25.997	2.27E-06
-25.985	2.43E-06
-25.973	2.57E-06
-25.961	2.70E-06
-25.949	2.80E-06
-25.937	2.88E-06
-25.925	2.91E-06
-25.914	2.91E-06
-25.902	2.86E-06
-25.89	2.76E-06
-25.878	2.63E-06
-25.866	2.46E-06
-25.854	2.27E-06
-25.842	2.07E-06
-25.83	1.86E-06
-25.818	1.67E-06
-25.806	1.50E-06
-25.794	1.38E-06
-25.783	1.31E-06
-25.771	1.31E-06
-25.759	1.38E-06
-25.747	1.53E-06
-25.735	1.76E-06
-25.723	2.07E-06
-25.711	2.45E-06
-25.699	2.89E-06
-25.687	3.37E-06
-25.675	3.89E-06
-25.663	4.41E-06
-25.652	4.94E-06
-25.64	5.46E-06
-25.628	5.95E-06
-25.616	6.41E-06
-25.604	6.85E-06
-25.592	7.27E-06
-25.58	7.68E-06
-25.568	8.12E-06
-25.556	8.61E-06
-25.544	9.19E-06
-25.532	9.90E-06
-25.521	1.08E-05
-25.509	1.19E-05
-25.497	1.33E-05
-25.485	1.51E-05
-25.473	1.72E-05
-25.461	1.96E-05
-25.449	2.25E-05
-25.437	2.58E-05
-25.425	2.96E-05
-25.413	3.36E-05
-25.401	3.81E-05
-25.39	4.28E-05
-25.378	4.76E-05
-25.366	5.27E-05
-25.354	5.77E-05
-25.342	6.26E-05
-25.33	6.74E-05
-25.318	7.18E-05
-25.306	7.58E-05
-25.294	7.93E-05
-25.282	8.23E-05
-25.271	8.45E-05
-25.259	8.61E-05
-25.247	8.68E-05
-25.235	8.68E-05
-25.223	8.60E-05
-25.211	8.44E-05
-25.199	8.20E-05
-25.187	7.90E-05
-25.175	7.54E-05
-25.163	7.14E-05
-25.151	6.69E-05
-25.14	6.21E-05
-25.128	5.72E-05
-25.116	5.21E-05
-25.104	4.72E-05
-25.092	4.23E-05
-25.08	3.77E-05
-25.068	3.33E-05
-25.056	2.93E-05
-25.044	2.56E-05
-25.032	2.23E-05
-25.02	1.95E-05
-25.009	1.70E-05
-24.997	1.49E-05
-24.985	1.31E-05
-24.973	1.17E-05
-24.961	1.05E-05
-24.949	9.54E-06
-24.937	8.77E-06
-24.925	8.14E-06
-24.913	7.61E-06
-24.901	7.14E-06
-24.889	6.72E-06
-24.878	6.31E-06
-24.866	5.90E-06
-24.854	5.48E-06
-24.842	5.04E-06
-24.83	4.59E-06
-24.818	4.13E-06
-24.806	3.67E-06
-24.794	3.22E-06
-24.782	2.79E-06
-24.77	2.39E-06
-24.758	2.03E-06
-24.747	1.72E-06
-24.735	1.46E-06
-24.723	1.26E-06
-24.711	1.11E-06
-24.699	1.01E-06
-24.687	9.56E-07
-24.675	9.45E-07
-24.663	9.66E-07
-24.651	1.01E-06
-24.639	1.07E-06
-24.627	1.13E-06
-24.616	1.20E-06
-24.604	1.25E-06
-24.592	1.29E-06
-24.58	1.31E-06
-24.568	1.31E-06
-24.556	1.28E-06
-24.544	1.24E-06
-24.532	1.19E-06
-24.52	1.11E-06
-24.508	1.03E-06
-24.496	9.44E-07
-24.485	8.53E-07
-24.473	7.63E-07
-24.461	6.78E-07
-24.449	6.00E-07
-24.437	5.31E-07
-24.425	4.72E-07
-24.413	4.24E-07
-24.401	3.85E-07
-24.389	3.57E-07
-24.377	3.36E-07
-24.365	3.21E-07
-24.354	3.12E-07
-24.342	3.05E-07
-24.33	3.00E-07
-24.318	2.95E-07
-24.306	2.89E-07
-24.294	2.81E-07
-24.282	2.72E-07
-24.27	2.60E-07
-24.258	2.46E-07
-24.246	2.30E-07
-24.234	2.14E-07
-24.223	1.96E-07
-24.211	1.79E-07
-24.199	1.63E-07
-24.187	1.48E-07
-24.175	1.34E-07
-24.163	1.22E-07
-24.151	1.12E-07
-24.139	1.04E-07
-24.127	9.70E-08
-24.115	9.15E-08
-24.103	8.72E-08
-24.092	8.36E-08
-24.08	8.05E-08
-24.068	7.77E-08
-24.056	7.50E-08
-24.044	7.23E-08
-24.032	6.95E-08
-24.02	6.65E-08
-24.008	6.34E-08
-23.996	6.03E-08
-23.984	5.71E-08
-23.972	5.40E-08
-23.961	5.10E-08
-23.949	4.81E-08
-23.937	4.54E-08
-23.925	4.29E-08
-23.913	4.05E-08
-23.901	3.82E-08
-23.889	3.60E-08
-23.877	3.38E-08
-23.865	3.17E-08
-23.853	2.95E-08
-23.841	2.74E-08
-23.83	2.53E-08
-23.818	2.33E-08
-23.806	2.14E-08
-23.794	1.98E-08
-23.782	1.86E-08
-23.77	1.76E-08
-23.758	1.71E-08
-23.746	1.71E-08
-23.734	1.74E-08
-23.722	1.81E-08
-23.71	1.91E-08
-23.699	2.04E-08
-23.687	2.19E-08
-23.675	2.34E-08
-23.663	2.48E-08
-23.651	2.62E-08
-23.639	2.75E-08
-23.627	2.86E-08
-23.615	2.95E-08
-23.603	3.03E-08
-23.591	3.11E-08
-23.579	3.18E-08
-23.568	3.26E-08
-23.556	3.35E-08
-23.544	3.46E-08
-23.532	3.58E-08
-23.52	3.71E-08
-23.508	3.84E-08
-23.496	3.97E-08
-23.484	4.09E-08
-23.472	4.18E-08
-23.46	4.23E-08
-23.448	4.22E-08
-23.437	4.16E-08
-23.425	4.03E-08
-23.413	3.85E-08
-23.401	3.61E-08
-23.389	3.35E-08
-23.377	3.08E-08
-23.365	2.83E-08
-23.353	2.62E-08
-23.341	2.49E-08
-23.329	2.47E-08
-23.317	2.57E-08
-23.306	2.81E-08
-23.294	3.20E-08
-23.282	3.72E-08
-23.27	4.36E-08
-23.258	5.09E-08
-23.246	5.86E-08
-23.234	6.64E-08
-23.222	7.37E-08
-23.21	8.00E-08
-23.198	8.50E-08
-23.186	8.83E-08
-23.175	8.97E-08
-23.163	8.93E-08
-23.151	8.71E-08
-23.139	8.35E-08
-23.127	7.91E-08
-23.115	7.46E-08
-23.103	7.09E-08
-23.091	6.87E-08
-23.079	6.89E-08
-23.067	7.24E-08
-23.055	7.99E-08
-23.044	9.17E-08
-23.032	1.08E-07
-23.02	1.29E-07
-23.008	1.55E-07
-22.996	1.84E-07
-22.984	2.17E-07
-22.972	2.51E-07
-22.96	2.87E-07
-22.948	3.24E-07
-22.936	3.59E-07
-22.924	3.94E-07
-22.913	4.26E-07
-22.901	4.58E-07
-22.889	4.87E-07
-22.877	5.16E-07
-22.865	5.46E-07
-22.853	5.76E-07
-22.841	6.10E-07
-22.829	6.48E-07
-22.817	6.91E-07
-22.805	7.41E-07
-22.793	7.98E-07
-22.782	8.63E-07
-22.77	9.34E-07
-22.758	1.01E-06
-22.746	1.09E-06
-22.734	1.17E-06
-22.722	1.25E-06
-22.71	1.32E-06
-22.698	1.39E-06
-22.686	1.44E-06
-22.674	1.47E-06
-22.662	1.48E-06
-22.651	1.48E-06
-22.639	1.45E-06
-22.627	1.40E-06
-22.615	1.32E-06
-22.603	1.24E-06
-22.591	1.14E-06
-22.579	1.03E-06
-22.567	9.27E-07
-22.555	8.32E-07
-22.543	7.53E-07
-22.531	6.97E-07
-22.52	6.73E-07
-22.508	6.84E-07
-22.496	7.35E-07
-22.484	8.28E-07
-22.472	9.63E-07
-22.46	1.14E-06
-22.448	1.35E-06
-22.436	1.59E-06
-22.424	1.85E-06
-22.412	2.12E-06
-22.4	2.41E-06
-22.389	2.69E-06
-22.377	2.96E-06
-22.365	3.22E-06
-22.353	3.46E-06
-22.341	3.69E-06
-22.329	3.92E-06
-22.317	4.15E-06
-22.305	4.39E-06
-22.293	4.67E-06
-22.281	5.01E-06
-22.269	5.42E-06
-22.258	5.94E-06
-22.246	6.60E-06
-22.234	7.40E-06
-22.222	8.39E-06
-22.21	9.57E-06
-22.198	1.10E-05
-22.186	1.26E-05
-22.174	1.44E-05
-22.162	1.64E-05
-22.15	1.86E-05
-22.138	2.10E-05
-22.127	2.35E-05
-22.115	2.61E-05
-22.103	2.88E-05
-22.091	3.14E-05
-22.079	3.39E-05
-22.067	3.64E-05
-22.055	3.86E-05
-22.043	4.05E-05
-22.031	4.22E-05
-22.019	4.35E-05
-22.007	4.45E-05
-21.996	4.50E-05
-21.984	4.51E-05
-21.972	4.48E-05
-21.96	4.41E-05
-21.948	4.30E-05
-21.936	4.16E-05
-21.924	3.98E-05
-21.912	3.78E-05
-21.9	3.55E-05
-21.888	3.31E-05
-21.876	3.06E-05
-21.865	2.80E-05
-21.853	2.54E-05
-21.841	2.28E-05
-21.829	2.04E-05
-21.817	1.81E-05
-21.805	1.59E-05
-21.793	1.39E-05
-21.781	1.22E-05
-21.769	1.06E-05
-21.757	9.22E-06
-21.745	8.05E-06
-21.734	7.07E-06
-21.722	6.26E-06
-21.71	5.59E-06
-21.698	5.05E-06
-21.686	4.61E-06
-21.674	4.25E-06
-21.662	3.95E-06
-21.65	3.68E-06
-21.638	3.44E-06
-21.626	3.21E-06
-21.614	2.99E-06
-21.603	2.76E-06
-21.591	2.52E-06
-21.579	2.28E-06
-21.567	2.04E-06
-21.555	1.80E-06
-21.543	1.57E-06
-21.531	1.35E-06
-21.519	1.15E-06
-21.507	9.66E-07
-21.495	8.11E-07
-21.483	6.83E-07
-21.472	5.85E-07
-21.46	5.14E-07
-21.448	4.69E-07
-21.436	4.47E-07
-21.424	4.44E-07
-21.412	4.56E-07
-21.4	4.77E-07
-21.388	5.03E-07
-21.376	5.30E-07
-21.364	5.53E-07
-21.353	5.70E-07
-21.341	5.78E-07
-21.329	5.76E-07
-21.317	5.64E-07
-21.305	5.43E-07
-21.293	5.13E-07
-21.281	4.76E-07
-21.269	4.34E-07
-21.257	3.90E-07
-21.245	3.46E-07
-21.233	3.04E-07
-21.222	2.66E-07
-21.21	2.32E-07
-21.198	2.05E-07
-21.186	1.84E-07
-21.174	1.69E-07
-21.162	1.60E-07
-21.15	1.55E-07
-21.138	1.54E-07
-21.126	1.55E-07
-21.114	1.57E-07
-21.102	1.58E-07
-21.091	1.59E-07
-21.079	1.57E-07
-21.067	1.53E-07
-21.055	1.47E-07
-21.043	1.38E-07
-21.031	1.27E-07
-21.019	1.14E-07
-21.007	1.00E-07
-20.995	8.62E-08
-20.983	7.29E-08
-20.971	6.07E-08
-20.96	5.04E-08
-20.948	4.23E-08
-20.936	3.65E-08
-20.924	3.32E-08
-20.912	3.21E-08
-20.9	3.29E-08
-20.888	3.52E-08
-20.876	3.85E-08
-20.864	4.21E-08
-20.852	4.57E-08
-20.84	4.88E-08
-20.829	5.10E-08
-20.817	5.20E-08
-20.805	5.18E-08
-20.793	5.03E-08
-20.781	4.77E-08
-20.769	4.43E-08
-20.757	4.04E-08
-20.745	3.62E-08
-20.733	3.21E-08
-20.721	2.85E-08
-20.709	2.56E-08
-20.698	2.36E-08
-20.686	2.26E-08
-20.674	2.25E-08
-20.662	2.34E-08
-20.65	2.50E-08
-20.638	2.70E-08
-20.626	2.94E-08
-20.614	3.16E-08
-20.602	3.36E-08
-20.59	3.51E-08
-20.578	3.59E-08
-20.567	3.59E-08
-20.555	3.51E-08
-20.543	3.37E-08
-20.531	3.16E-08
-20.519	2.92E-08
-20.507	2.66E-08
-20.495	2.40E-08
-20.483	2.17E-08
-20.471	1.99E-08
-20.459	1.88E-08
-20.447	1.84E-08
-20.436	1.89E-08
-20.424	2.02E-08
-20.412	2.22E-08
-20.4	2.48E-08
-20.388	2.78E-08
-20.376	3.10E-08
-20.364	3.42E-08
-20.352	3.71E-08
-20.34	3.96E-08
-20.328	4.16E-08
-20.316	4.29E-08
-20.305	4.34E-08
-20.293	4.33E-08
-20.281	4.24E-08
-20.269	4.10E-08
-20.257	3.91E-08
-20.245	3.68E-08
-20.233	3.44E-08
-20.221	3.20E-08
-20.209	2.96E-08
-20.197	2.75E-08
-20.185	2.57E-08
-20.174	2.43E-08
-20.162	2.33E-08
-20.15	2.27E-08
-20.138	2.24E-08
-20.126	2.26E-08
-20.114	2.31E-08
-20.102	2.39E-08
-20.09	2.49E-08
-20.078	2.62E-08
-20.066	2.76E-08
-20.054	2.93E-08
-20.043	3.11E-08
-20.031	3.30E-08
-20.019	3.50E-08
-20.007	3.71E-08
-19.995	3.92E-08
-19.983	4.12E-08
-19.971	4.30E-08
-19.959	4.46E-08
-19.947	4.60E-08
-19.935	4.70E-08
-19.923	4.76E-08
-19.912	4.78E-08
-19.9	4.78E-08
-19.888	4.76E-08
-19.876	4.73E-08
-19.864	4.72E-08
-19.852	4.76E-08
-19.84	4.88E-08
-19.828	5.10E-08
-19.816	5.46E-08
-19.804	5.98E-08
-19.792	6.69E-08
-19.781	7.61E-08
-19.769	8.74E-08
-19.757	1.01E-07
-19.745	1.16E-07
-19.733	1.33E-07
-19.721	1.51E-07
-19.709	1.71E-07
-19.697	1.91E-07
-19.685	2.11E-07
-19.673	2.30E-07
-19.661	2.50E-07
-19.65	2.69E-07
-19.638	2.87E-07
-19.626	3.06E-07
-19.614	3.25E-07
-19.602	3.44E-07
-19.59	3.65E-07
-19.578	3.89E-07
-19.566	4.16E-07
-19.554	4.47E-07
-19.542	4.83E-07
-19.53	5.24E-07
-19.519	5.70E-07
-19.507	6.20E-07
-19.495	6.75E-07
-19.483	7.33E-07
-19.471	7.91E-07
-19.459	8.49E-07
-19.447	9.03E-07
-19.435	9.51E-07
-19.423	9.91E-07
-19.411	1.02E-06
-19.399	1.04E-06
-19.388	1.04E-06
-19.376	1.03E-06
-19.364	9.99E-07
-19.352	9.58E-07
-19.34	9.04E-07
-19.328	8.41E-07
-19.316	7.73E-07
-19.304	7.03E-07
-19.292	6.37E-07
-19.28	5.81E-07
-19.268	5.39E-07
-19.257	5.16E-07
-19.245	5.18E-07
-19.233	5.47E-07
-19.221	6.07E-07
-19.209	6.98E-07
-19.197	8.20E-07
-19.185	9.72E-07
-19.173	1.15E-06
-19.161	1.35E-06
-19.149	1.57E-06
-19.137	1.80E-06
-19.126	2.04E-06
-19.114	2.28E-06
-19.102	2.52E-06
-19.09	2.76E-06
-19.078	3.00E-06
-19.066	3.25E-06
-19.054	3.50E-06
-19.042	3.78E-06
-19.03	4.10E-06
-19.018	4.47E-06
-19.006	4.90E-06
-18.995	5.43E-06
-18.983	6.07E-06
-18.971	6.85E-06
-18.959	7.77E-06
-18.947	8.87E-06
-18.935	1.02E-05
-18.923	1.16E-05
-18.911	1.33E-05
-18.899	1.51E-05
-18.887	1.72E-05
-18.875	1.94E-05
-18.864	2.17E-05
-18.852	2.41E-05
-18.84	2.65E-05
-18.828	2.90E-05
-18.816	3.14E-05
-18.804	3.37E-05
-18.792	3.59E-05
-18.78	3.79E-05
-18.768	3.96E-05
-18.756	4.10E-05
-18.744	4.21E-05
-18.733	4.28E-05
-18.721	4.32E-05
-18.709	4.31E-05
-18.697	4.26E-05
-18.685	4.17E-05
-18.673	4.05E-05
-18.661	3.89E-05
-18.649	3.70E-05
-18.637	3.48E-05
-18.625	3.24E-05
-18.613	3.00E-05
-18.602	2.74E-05
-18.59	2.48E-05
-18.578	2.22E-05
-18.566	1.98E-05
-18.554	1.74E-05
-18.542	1.53E-05
-18.53	1.33E-05
-18.518	1.16E-05
-18.506	1.01E-05
-18.494	8.81E-06
-18.482	7.76E-06
-18.471	6.92E-06
-18.459	6.27E-06
-18.447	5.79E-06
-18.435	5.44E-06
-18.423	5.19E-06
-18.411	5.02E-06
-18.399	4.90E-06
-18.387	4.80E-06
-18.375	4.70E-06
-18.363	4.58E-06
-18.351	4.43E-06
-18.34	4.23E-06
-18.328	4.00E-06
-18.316	3.73E-06
-18.304	3.43E-06
-18.292	3.10E-06
-18.28	2.77E-06
-18.268	2.44E-06
-18.256	2.12E-06
-18.244	1.84E-06
-18.232	1.59E-06
-18.22	1.39E-06
-18.209	1.25E-06
-18.197	1.18E-06
-18.185	1.16E-06
-18.173	1.19E-06
-18.161	1.28E-06
-18.149	1.42E-06
-18.137	1.59E-06
-18.125	1.78E-06
-18.113	1.99E-06
-18.101	2.19E-06
-18.089	2.39E-06
-18.078	2.57E-06
-18.066	2.72E-06
-18.054	2.83E-06
-18.042	2.91E-06
-18.03	2.95E-06
-18.018	2.95E-06
-18.006	2.91E-06
-17.994	2.85E-06
-17.982	2.75E-06
-17.97	2.63E-06
-17.958	2.50E-06
-17.947	2.35E-06
-17.935	2.20E-06
-17.923	2.04E-06
-17.911	1.89E-06
-17.899	1.75E-06
-17.887	1.61E-06
-17.875	1.49E-06
-17.863	1.37E-06
-17.851	1.26E-06
-17.839	1.16E-06
-17.827	1.06E-06
-17.816	9.71E-07
-17.804	8.85E-07
-17.792	8.02E-07
-17.78	7.23E-07
-17.768	6.45E-07
-17.756	5.71E-07
-17.744	4.99E-07
-17.732	4.33E-07
-17.72	3.72E-07
-17.708	3.18E-07
-17.696	2.73E-07
-17.685	2.37E-07
-17.673	2.10E-07
-17.661	1.93E-07
-17.649	1.86E-07
-17.637	1.88E-07
-17.625	1.97E-07
-17.613	2.12E-07
-17.601	2.30E-07
-17.589	2.49E-07
-17.577	2.68E-07
-17.565	2.83E-07
-17.554	2.94E-07
-17.542	2.99E-07
-17.53	2.97E-07
-17.518	2.88E-07
-17.506	2.73E-07
-17.494	2.52E-07
-17.482	2.27E-07
-17.47	2.00E-07
-17.458	1.73E-07
-17.446	1.47E-07
-17.435	1.26E-07
-17.423	1.09E-07
-17.411	1.00E-07
-17.399	9.83E-08
-17.387	1.04E-07
-17.375	1.18E-07
-17.363	1.38E-07
-17.351	1.64E-07
-17.339	1.92E-07
-17.327	2.22E-07
-17.315	2.51E-07
-17.304	2.76E-07
-17.292	2.97E-07
-17.28	3.11E-07
-17.268	3.17E-07
-17.256	3.15E-07
-17.244	3.05E-07
-17.232	2.89E-07
-17.22	2.67E-07
-17.208	2.41E-07
-17.196	2.14E-07
-17.184	1.87E-07
-17.173	1.63E-07
-17.161	1.45E-07
-17.149	1.34E-07
-17.137	1.31E-07
-17.125	1.38E-07
-17.113	1.54E-07
-17.101	1.78E-07
-17.089	2.10E-07
-17.077	2.47E-07
-17.065	2.88E-07
-17.053	3.30E-07
-17.042	3.70E-07
-17.03	4.05E-07
-17.018	4.34E-07
-17.006	4.54E-07
-16.994	4.65E-07
-16.982	4.65E-07
-16.97	4.54E-07
-16.958	4.34E-07
-16.946	4.04E-07
-16.934	3.69E-07
-16.922	3.28E-07
-16.911	2.86E-07
-16.899	2.44E-07
-16.887	2.05E-07
-16.875	1.71E-07
-16.863	1.45E-07
-16.851	1.26E-07
-16.839	1.17E-07
-16.827	1.16E-07
-16.815	1.24E-07
-16.803	1.39E-07
-16.791	1.59E-07
-16.78	1.82E-07
-16.768	2.06E-07
-16.756	2.30E-07
-16.744	2.50E-07
-16.732	2.66E-07
-16.72	2.75E-07
-16.708	2.77E-07
-16.696	2.73E-07
-16.684	2.61E-07
-16.672	2.44E-07
-16.66	2.23E-07
-16.649	1.98E-07
-16.637	1.72E-07
-16.625	1.48E-07
-16.613	1.26E-07
-16.601	1.09E-07
-16.589	9.70E-08
-16.577	9.19E-08
-16.565	9.38E-08
-16.553	1.02E-07
-16.541	1.17E-07
-16.529	1.37E-07
-16.518	1.60E-07
-16.506	1.86E-07
-16.494	2.12E-07
-16.482	2.37E-07
-16.47	2.59E-07
-16.458	2.78E-07
-16.446	2.92E-07
-16.434	3.02E-07
-16.422	3.08E-07
-16.41	3.09E-07
-16.398	3.08E-07
-16.387	3.04E-07
-16.375	3.00E-07
-16.363	2.95E-07
-16.351	2.93E-07
-16.339	2.92E-07
-16.327	2.94E-07
-16.315	2.98E-07
-16.303	3.06E-07
-16.291	3.15E-07
-16.279	3.25E-07
-16.267	3.35E-07
-16.256	3.43E-07
-16.244	3.48E-07
-16.232	3.50E-07
-16.22	3.46E-07
-16.208	3.37E-07
-16.196	3.22E-07
-16.184	3.01E-07
-16.172	2.76E-07
-16.16	2.48E-07
-16.148	2.19E-07
-16.136	1.89E-07
-16.125	1.62E-07
-16.113	1.39E-07
-16.101	1.22E-07
-16.089	1.12E-07
-16.077	1.10E-07
-16.065	1.16E-07
-16.053	1.29E-07
-16.041	1.49E-07
-16.029	1.73E-07
-16.017	2.01E-07
-16.005	2.29E-07
-15.994	2.55E-07
-15.982	2.76E-07
-15.97	2.92E-07
-15.958	3.00E-07
-15.946	3.00E-07
-15.934	2.93E-07
-15.922	2.79E-07
-15.91	2.59E-07
-15.898	2.38E-07
-15.886	2.18E-07
-15.874	2.03E-07
-15.863	1.97E-07
-15.851	2.03E-07
-15.839	2.27E-07
-15.827	2.69E-07
-15.815	3.34E-07
-15.803	4.22E-07
-15.791	5.34E-07
-15.779	6.70E-07
-15.767	8.29E-07
-15.755	1.01E-06
-15.743	1.21E-06
-15.732	1.43E-06
-15.72	1.66E-06
-15.708	1.92E-06
-15.696	2.19E-06
-15.684	2.49E-06
-15.672	2.81E-06
-15.66	3.16E-06
-15.648	3.55E-06
-15.636	3.98E-06
-15.624	4.46E-06
-15.612	5.01E-06
-15.601	5.62E-06
-15.589	6.31E-06
-15.577	7.07E-06
-15.565	7.91E-06
-15.553	8.81E-06
-15.541	9.77E-06
-15.529	1.08E-05
-15.517	1.18E-05
-15.505	1.29E-05
-15.493	1.39E-05
-15.481	1.49E-05
-15.47	1.58E-05
-15.458	1.66E-05
-15.446	1.73E-05
-15.434	1.78E-05
-15.422	1.81E-05
-15.41	1.82E-05
-15.398	1.82E-05
-15.386	1.79E-05
-15.374	1.74E-05
-15.362	1.67E-05
-15.35	1.58E-05
-15.339	1.48E-05
-15.327	1.37E-05
-15.315	1.25E-05
-15.303	1.12E-05
-15.291	1.00E-05
-15.279	8.81E-06
-15.267	7.71E-06
-15.255	6.72E-06
-15.243	5.89E-06
-15.231	5.23E-06
-15.219	4.74E-06
-15.208	4.45E-06
-15.196	4.32E-06
-15.184	4.36E-06
-15.172	4.54E-06
-15.16	4.83E-06
-15.148	5.20E-06
-15.136	5.60E-06
-15.124	6.00E-06
-15.112	6.38E-06
-15.1	6.69E-06
-15.088	6.91E-06
-15.077	7.03E-06
-15.065	7.03E-06
-15.053	6.92E-06
-15.041	6.69E-06
-15.029	6.36E-06
-15.017	5.96E-06
-15.005	5.52E-06
-14.993	5.06E-06
-14.981	4.63E-06
-14.969	4.25E-06
-14.957	3.96E-06
-14.946	3.79E-06
-14.934	3.76E-06
-14.922	3.88E-06
-14.91	4.16E-06
-14.898	4.60E-06
-14.886	5.20E-06
-14.874	5.93E-06
-14.862	6.77E-06
-14.85	7.70E-06
-14.838	8.67E-06
-14.826	9.66E-06
-14.815	1.06E-05
-14.803	1.15E-05
-14.791	1.23E-05
-14.779	1.30E-05
-14.767	1.36E-05
-14.755	1.40E-05
-14.743	1.43E-05
-14.731	1.44E-05
-14.719	1.43E-05
-14.707	1.41E-05
-14.695	1.37E-05
-14.684	1.33E-05
-14.672	1.27E-05
-14.66	1.21E-05
-14.648	1.14E-05
-14.636	1.07E-05
-14.624	9.99E-06
-14.612	9.27E-06
-14.6	8.57E-06
-14.588	7.90E-06
-14.576	7.24E-06
-14.564	6.62E-06
-14.553	6.03E-06
-14.541	5.46E-06
-14.529	4.93E-06
-14.517	4.42E-06
-14.505	3.94E-06
-14.493	3.49E-06
-14.481	3.07E-06
-14.469	2.69E-06
-14.457	2.34E-06
-14.445	2.03E-06
-14.433	1.77E-06
-14.422	1.56E-06
-14.41	1.40E-06
-14.398	1.29E-06
-14.386	1.22E-06
-14.374	1.20E-06
-14.362	1.22E-06
-14.35	1.28E-06
-14.338	1.35E-06
-14.326	1.43E-06
-14.314	1.51E-06
-14.302	1.59E-06
-14.291	1.64E-06
-14.279	1.66E-06
-14.267	1.65E-06
-14.255	1.60E-06
-14.243	1.51E-06
-14.231	1.40E-06
-14.219	1.26E-06
-14.207	1.11E-06
-14.195	9.65E-07
-14.183	8.27E-07
-14.171	7.15E-07
-14.16	6.39E-07
-14.148	6.11E-07
-14.136	6.35E-07
-14.124	7.16E-07
-14.112	8.51E-07
-14.1	1.04E-06
-14.088	1.26E-06
-14.076	1.51E-06
-14.064	1.78E-06
-14.052	2.03E-06
-14.04	2.27E-06
-14.029	2.47E-06
-14.017	2.62E-06
-14.005	2.70E-06
-13.993	2.72E-06
-13.981	2.68E-06
-13.969	2.57E-06
-13.957	2.42E-06
-13.945	2.24E-06
-13.933	2.04E-06
-13.921	1.86E-06
-13.909	1.71E-06
-13.898	1.62E-06
-13.886	1.61E-06
-13.874	1.69E-06
-13.862	1.88E-06
-13.85	2.17E-06
-13.838	2.57E-06
-13.826	3.06E-06
-13.814	3.62E-06
-13.802	4.23E-06
-13.79	4.86E-06
-13.778	5.47E-06
-13.767	6.03E-06
-13.755	6.51E-06
-13.743	6.87E-06
-13.731	7.10E-06
-13.719	7.18E-06
-13.707	7.10E-06
-13.695	6.86E-06
-13.683	6.49E-06
-13.671	6.00E-06
-13.659	5.42E-06
-13.647	4.79E-06
-13.636	4.16E-06
-13.624	3.56E-06
-13.612	3.03E-06
-13.6	2.61E-06
-13.588	2.33E-06
-13.576	2.20E-06
-13.564	2.24E-06
-13.552	2.44E-06
-13.54	2.79E-06
-13.528	3.26E-06
-13.517	3.82E-06
-13.505	4.43E-06
-13.493	5.05E-06
-13.481	5.63E-06
-13.469	6.13E-06
-13.457	6.51E-06
-13.445	6.74E-06
-13.433	6.81E-06
-13.421	6.72E-06
-13.409	6.47E-06
-13.397	6.09E-06
-13.386	5.60E-06
-13.374	5.06E-06
-13.362	4.51E-06
-13.35	4.01E-06
-13.338	3.61E-06
-13.326	3.35E-06
-13.314	3.29E-06
-13.302	3.45E-06
-13.29	3.84E-06
-13.278	4.48E-06
-13.266	5.36E-06
-13.255	6.43E-06
-13.243	7.68E-06
-13.231	9.06E-06
-13.219	1.05E-05
-13.207	1.20E-05
-13.195	1.34E-05
-13.183	1.47E-05
-13.171	1.60E-05
-13.159	1.71E-05
-13.147	1.80E-05
-13.135	1.89E-05
-13.124	1.96E-05
-13.112	2.03E-05
-13.1	2.10E-05
-13.088	2.18E-05
-13.076	2.27E-05
-13.064	2.37E-05
-13.052	2.50E-05
-13.04	2.66E-05
-13.028	2.84E-05
-13.016	3.05E-05
-13.004	3.29E-05
-12.993	3.54E-05
-12.981	3.80E-05
-12.969	4.06E-05
-12.957	4.30E-05
-12.945	4.51E-05
-12.933	4.69E-05
-12.921	4.81E-05
-12.909	4.87E-05
-12.897	4.86E-05
-12.885	4.78E-05
-12.873	4.63E-05
-12.862	4.41E-05
-12.85	4.13E-05
-12.838	3.81E-05
-12.826	3.47E-05
-12.814	3.12E-05
-12.802	2.78E-05
-12.79	2.49E-05
-12.778	2.25E-05
-12.766	2.09E-05
-12.754	2.03E-05
-12.742	2.09E-05
-12.731	2.25E-05
-12.719	2.54E-05
-12.707	2.94E-05
-12.695	3.45E-05
-12.683	4.04E-05
-12.671	4.69E-05
-12.659	5.39E-05
-12.647	6.11E-05
-12.635	6.82E-05
-12.623	7.50E-05
-12.611	8.12E-05
-12.6	8.69E-05
-12.588	9.20E-05
-12.576	9.66E-05
-12.564	1.01E-04
-12.552	1.05E-04
-12.54	1.09E-04
-12.528	1.14E-04
-12.516	1.21E-04
-12.504	1.29E-04
-12.492	1.40E-04
-12.48	1.54E-04
-12.469	1.72E-04
-12.457	1.94E-04
-12.445	2.21E-04
-12.433	2.54E-04
-12.421	2.91E-04
-12.409	3.34E-04
-12.397	3.82E-04
-12.385	4.34E-04
-12.373	4.90E-04
-12.361	5.49E-04
-12.349	6.10E-04
-12.338	6.71E-04
-12.326	7.33E-04
-12.314	7.92E-04
-12.302	8.48E-04
-12.29	9.00E-04
-12.278	9.46E-04
-12.266	9.85E-04
-12.254	1.02E-03
-12.242	1.04E-03
-12.23	1.05E-03
-12.218	1.06E-03
-12.207	1.05E-03
-12.195	1.04E-03
-12.183	1.01E-03
-12.171	9.83E-04
-12.159	9.43E-04
-12.147	8.96E-04
-12.135	8.44E-04
-12.123	7.88E-04
-12.111	7.30E-04
-12.099	6.69E-04
-12.087	6.09E-04
-12.076	5.49E-04
-12.064	4.91E-04
-12.052	4.36E-04
-12.04	3.85E-04
-12.028	3.38E-04
-12.016	2.95E-04
-12.004	2.57E-04
-11.992	2.24E-04
-11.98	1.96E-04
-11.968	1.71E-04
-11.956	1.51E-04
-11.945	1.34E-04
-11.933	1.20E-04
-11.921	1.09E-04
-11.909	9.99E-05
-11.897	9.22E-05
-11.885	8.56E-05
-11.873	7.98E-05
-11.861	7.44E-05
-11.849	6.92E-05
-11.837	6.40E-05
-11.825	5.88E-05
-11.814	5.35E-05
-11.802	4.82E-05
-11.79	4.29E-05
-11.778	3.76E-05
-11.766	3.26E-05
-11.754	2.79E-05
-11.742	2.37E-05
-11.73	2.00E-05
-11.718	1.68E-05
-11.706	1.43E-05
-11.694	1.24E-05
-11.683	1.12E-05
-11.671	1.05E-05
-11.659	1.03E-05
-11.647	1.06E-05
-11.635	1.11E-05
-11.623	1.19E-05
-11.611	1.28E-05
-11.599	1.36E-05
-11.587	1.44E-05
-11.575	1.51E-05
-11.563	1.55E-05
-11.552	1.57E-05
-11.54	1.56E-05
-11.528	1.53E-05
-11.516	1.48E-05
-11.504	1.41E-05
-11.492	1.32E-05
-11.48	1.22E-05
-11.468	1.11E-05
-11.456	1.00E-05
-11.444	9.01E-06
-11.432	8.03E-06
-11.421	7.15E-06
-11.409	6.38E-06
-11.397	5.73E-06
-11.385	5.19E-06
-11.373	4.77E-06
-11.361	4.44E-06
-11.349	4.20E-06
-11.337	4.01E-06
-11.325	3.86E-06
-11.313	3.72E-06
-11.301	3.59E-06
-11.29	3.45E-06
-11.278	3.28E-06
-11.266	3.09E-06
-11.254	2.88E-06
-11.242	2.64E-06
-11.23	2.39E-06
-11.218	2.13E-06
-11.206	1.87E-06
-11.194	1.63E-06
-11.182	1.42E-06
-11.17	1.23E-06
-11.159	1.08E-06
-11.147	9.62E-07
-11.135	8.85E-07
-11.123	8.44E-07
-11.111	8.33E-07
-11.099	8.47E-07
-11.087	8.77E-07
-11.075	9.17E-07
-11.063	9.58E-07
-11.051	9.93E-07
-11.039	1.02E-06
-11.028	1.03E-06
-11.016	1.02E-06
-11.004	9.98E-07
-10.992	9.59E-07
-10.98	9.06E-07
-10.968	8.45E-07
-10.956	7.78E-07
-10.944	7.10E-07
-10.932	6.45E-07
-10.92	5.86E-07
-10.908	5.37E-07
-10.897	4.99E-07
-10.885	4.73E-07
-10.873	4.57E-07
-10.861	4.51E-07
-10.849	4.52E-07
-10.837	4.59E-07
-10.825	4.68E-07
-10.813	4.76E-07
-10.801	4.83E-07
-10.789	4.85E-07
-10.777	4.82E-07
-10.766	4.73E-07
-10.754	4.60E-07
-10.742	4.42E-07
-10.73	4.22E-07
-10.718	4.00E-07
-10.706	3.79E-07
-10.694	3.60E-07
-10.682	3.45E-07
-10.67	3.34E-07
-10.658	3.28E-07
-10.646	3.27E-07
-10.635	3.30E-07
-10.623	3.35E-07
-10.611	3.43E-07
-10.599	3.50E-07
-10.587	3.56E-07
-10.575	3.59E-07
-10.563	3.58E-07
-10.551	3.52E-07
-10.539	3.41E-07
-10.527	3.26E-07
-10.515	3.07E-07
-10.504	2.85E-07
-10.492	2.62E-07
-10.48	2.38E-07
-10.468	2.16E-07
-10.456	1.97E-07
-10.444	1.82E-07
-10.432	1.70E-07
-10.42	1.64E-07
-10.408	1.62E-07
-10.396	1.64E-07
-10.384	1.69E-07
-10.373	1.76E-07
-10.361	1.85E-07
-10.349	1.94E-07
-10.337	2.03E-07
-10.325	2.10E-07
-10.313	2.17E-07
-10.301	2.22E-07
-10.289	2.27E-07
-10.277	2.33E-07
-10.265	2.40E-07
-10.253	2.49E-07
-10.242	2.60E-07
-10.23	2.76E-07
-10.218	2.95E-07
-10.206	3.18E-07
-10.194	3.44E-07
-10.182	3.72E-07
-10.17	4.01E-07
-10.158	4.30E-07
-10.146	4.57E-07
-10.134	4.82E-07
-10.122	5.03E-07
-10.111	5.21E-07
-10.099	5.36E-07
-10.087	5.50E-07
-10.075	5.66E-07
-10.063	5.87E-07
-10.051	6.16E-07
-10.039	6.58E-07
-10.027	7.17E-07
-10.015	7.96E-07
-10.003	8.99E-07
-9.9915	1.03E-06
-9.9796	1.19E-06
-9.9677	1.37E-06
-9.9558	1.58E-06
-9.9439	1.81E-06
-9.9319	2.06E-06
-9.92	2.32E-06
-9.9081	2.60E-06
-9.8962	2.88E-06
-9.8843	3.16E-06
-9.8724	3.44E-06
-9.8605	3.73E-06
-9.8486	4.01E-06
-9.8367	4.31E-06
-9.8248	4.61E-06
-9.8129	4.95E-06
-9.801	5.31E-06
-9.789	5.72E-06
-9.7771	6.19E-06
-9.7652	6.72E-06
-9.7533	7.31E-06
-9.7414	7.98E-06
-9.7295	8.71E-06
-9.7176	9.51E-06
-9.7057	1.03E-05
-9.6938	1.12E-05
-9.6819	1.20E-05
-9.67	1.28E-05
-9.658	1.36E-05
-9.6461	1.42E-05
-9.6342	1.47E-05
-9.6223	1.50E-05
-9.6104	1.51E-05
-9.5985	1.50E-05
-9.5866	1.46E-05
-9.5747	1.41E-05
-9.5628	1.34E-05
-9.5509	1.25E-05
-9.539	1.15E-05
-9.5271	1.06E-05
-9.5151	9.64E-06
-9.5032	8.84E-06
-9.4913	8.26E-06
-9.4794	7.98E-06
-9.4675	8.06E-06
-9.4556	8.58E-06
-9.4437	9.57E-06
-9.4318	1.11E-05
-9.4199	1.31E-05
-9.408	1.56E-05
-9.3961	1.85E-05
-9.3841	2.19E-05
-9.3722	2.57E-05
-9.3603	2.97E-05
-9.3484	3.39E-05
-9.3365	3.83E-05
-9.3246	4.29E-05
-9.3127	4.75E-05
-9.3008	5.24E-05
-9.2889	5.74E-05
-9.277	6.29E-05
-9.2651	6.89E-05
-9.2531	7.56E-05
-9.2412	8.34E-05
-9.2293	9.26E-05
-9.2174	1.03E-04
-9.2055	1.16E-04
-9.1936	1.32E-04
-9.1817	1.50E-04
-9.1698	1.71E-04
-9.1579	1.96E-04
-9.146	2.24E-04
-9.1341	2.55E-04
-9.1222	2.90E-04
-9.1102	3.28E-04
-9.0983	3.70E-04
-9.0864	4.13E-04
-9.0745	4.58E-04
-9.0626	5.05E-04
-9.0507	5.51E-04
-9.0388	5.97E-04
-9.0269	6.40E-04
-9.015	6.81E-04
-9.0031	7.18E-04
-8.9912	7.51E-04
-8.9792	7.77E-04
-8.9673	7.97E-04
-8.9554	8.10E-04
-8.9435	8.16E-04
-8.9316	8.14E-04
-8.9197	8.04E-04
-8.9078	7.87E-04
-8.8959	7.63E-04
-8.884	7.33E-04
-8.8721	6.97E-04
-8.8602	6.56E-04
-8.8482	6.11E-04
-8.8363	5.64E-04
-8.8244	5.15E-04
-8.8125	4.66E-04
-8.8006	4.18E-04
-8.7887	3.71E-04
-8.7768	3.26E-04
-8.7649	2.85E-04
-8.753	2.48E-04
-8.7411	2.16E-04
-8.7292	1.88E-04
-8.7173	1.64E-04
-8.7053	1.45E-04
-8.6934	1.31E-04
-8.6815	1.20E-04
-8.6696	1.12E-04
-8.6577	1.07E-04
-8.6458	1.04E-04
-8.6339	1.03E-04
-8.622	1.02E-04
-8.6101	1.02E-04
-8.5982	1.01E-04
-8.5863	1.00E-04
-8.5743	9.81E-05
-8.5624	9.49E-05
-8.5505	9.06E-05
-8.5386	8.53E-05
-8.5267	7.91E-05
-8.5148	7.22E-05
-8.5029	6.49E-05
-8.491	5.77E-05
-8.4791	5.06E-05
-8.4672	4.42E-05
-8.4553	3.87E-05
-8.4433	3.44E-05
-8.4314	3.14E-05
-8.4195	2.98E-05
-8.4076	2.97E-05
-8.3957	3.10E-05
-8.3838	3.36E-05
-8.3719	3.74E-05
-8.36	4.21E-05
-8.3481	4.74E-05
-8.3362	5.32E-05
-8.3243	5.90E-05
-8.3124	6.46E-05
-8.3004	6.98E-05
-8.2885	7.43E-05
-8.2766	7.79E-05
-8.2647	8.07E-05
-8.2528	8.23E-05
-8.2409	8.30E-05
-8.229	8.26E-05
-8.2171	8.12E-05
-8.2052	7.90E-05
-8.1933	7.62E-05
-8.1814	7.27E-05
-8.1694	6.89E-05
-8.1575	6.49E-05
-8.1456	6.07E-05
-8.1337	5.66E-05
-8.1218	5.26E-05
-8.1099	4.87E-05
-8.098	4.51E-05
-8.0861	4.17E-05
-8.0742	3.85E-05
-8.0623	3.55E-05
-8.0504	3.28E-05
-8.0384	3.01E-05
-8.0265	2.76E-05
-8.0146	2.52E-05
-8.0027	2.28E-05
-7.9908	2.05E-05
-7.9789	1.83E-05
-7.967	1.61E-05
-7.9551	1.40E-05
-7.9432	1.21E-05
-7.9313	1.03E-05
-7.9194	8.76E-06
-7.9075	7.45E-06
-7.8955	6.41E-06
-7.8836	5.65E-06
-7.8717	5.17E-06
-7.8598	4.97E-06
-7.8479	5.00E-06
-7.836	5.23E-06
-7.8241	5.60E-06
-7.8122	6.07E-06
-7.8003	6.55E-06
-7.7884	7.00E-06
-7.7765	7.35E-06
-7.7645	7.57E-06
-7.7526	7.61E-06
-7.7407	7.47E-06
-7.7288	7.15E-06
-7.7169	6.65E-06
-7.705	6.03E-06
-7.6931	5.32E-06
-7.6812	4.58E-06
-7.6693	3.87E-06
-7.6574	3.25E-06
-7.6455	2.78E-06
-7.6335	2.50E-06
-7.6216	2.45E-06
-7.6097	2.63E-06
-7.5978	3.05E-06
-7.5859	3.68E-06
-7.574	4.48E-06
-7.5621	5.41E-06
-7.5502	6.40E-06
-7.5383	7.38E-06
-7.5264	8.28E-06
-7.5145	9.04E-06
-7.5026	9.60E-06
-7.4906	9.93E-06
-7.4787	9.99E-06
-7.4668	9.80E-06
-7.4549	9.37E-06
-7.443	8.75E-06
-7.4311	7.99E-06
-7.4192	7.17E-06
-7.4073	6.37E-06
-7.3954	5.67E-06
-7.3835	5.17E-06
-7.3716	4.93E-06
-7.3596	5.00E-06
-7.3477	5.43E-06
-7.3358	6.21E-06
-7.3239	7.35E-06
-7.312	8.79E-06
-7.3001	1.05E-05
-7.2882	1.23E-05
-7.2763	1.42E-05
-7.2644	1.61E-05
-7.2525	1.78E-05
-7.2406	1.92E-05
-7.2286	2.03E-05
-7.2167	2.09E-05
-7.2048	2.11E-05
-7.1929	2.08E-05
-7.181	2.00E-05
-7.1691	1.89E-05
-7.1572	1.73E-05
-7.1453	1.56E-05
-7.1334	1.37E-05
-7.1215	1.18E-05
-7.1096	9.97E-06
-7.0977	8.40E-06
-7.0857	7.17E-06
-7.0738	6.34E-06
-7.0619	5.97E-06
-7.05	6.07E-06
-7.0381	6.63E-06
-7.0262	7.60E-06
-7.0143	8.90E-06
-7.0024	1.04E-05
-6.9905	1.21E-05
-6.9786	1.37E-05
-6.9667	1.52E-05
-6.9547	1.65E-05
-6.9428	1.74E-05
-6.9309	1.79E-05
-6.919	1.79E-05
-6.9071	1.75E-05
-6.8952	1.67E-05
-6.8833	1.56E-05
-6.8714	1.42E-05
-6.8595	1.26E-05
-6.8476	1.11E-05
-6.8357	9.70E-06
-6.8237	8.59E-06
-6.8118	7.87E-06
-6.7999	7.64E-06
-6.788	7.98E-06
-6.7761	8.91E-06
-6.7642	1.04E-05
-6.7523	1.25E-05
-6.7404	1.50E-05
-6.7285	1.79E-05
-6.7166	2.10E-05
-6.7047	2.43E-05
-6.6928	2.75E-05
-6.6808	3.05E-05
-6.6689	3.33E-05
-6.657	3.58E-05
-6.6451	3.79E-05
-6.6332	3.97E-05
-6.6213	4.12E-05
-6.6094	4.24E-05
-6.5975	4.35E-05
-6.5856	4.46E-05
-6.5737	4.59E-05
-6.5618	4.74E-05
-6.5498	4.94E-05
-6.5379	5.19E-05
-6.526	5.50E-05
-6.5141	5.86E-05
-6.5022	6.28E-05
-6.4903	6.74E-05
-6.4784	7.23E-05
-6.4665	7.72E-05
-6.4546	8.20E-05
-6.4427	8.63E-05
-6.4308	9.00E-05
-6.4188	9.27E-05
-6.4069	9.43E-05
-6.395	9.45E-05
-6.3831	9.33E-05
-6.3712	9.06E-05
-6.3593	8.67E-05
-6.3474	8.15E-05
-6.3355	7.53E-05
-6.3236	6.85E-05
-6.3117	6.15E-05
-6.2998	5.46E-05
-6.2879	4.84E-05
-6.2759	4.31E-05
-6.264	3.93E-05
-6.2521	3.72E-05
-6.2402	3.71E-05
-6.2283	3.92E-05
-6.2164	4.35E-05
-6.2045	4.99E-05
-6.1926	5.82E-05
-6.1807	6.81E-05
-6.1688	7.92E-05
-6.1569	9.10E-05
-6.1449	1.03E-04
-6.133	1.15E-04
-6.1211	1.25E-04
-6.1092	1.35E-04
-6.0973	1.43E-04
-6.0854	1.50E-04
-6.0735	1.55E-04
-6.0616	1.59E-04
-6.0497	1.62E-04
-6.0378	1.65E-04
-6.0259	1.68E-04
-6.014	1.73E-04
-6.002	1.79E-04
-5.9901	1.90E-04
-5.9782	2.04E-04
-5.9663	2.24E-04
-5.9544	2.51E-04
-5.9425	2.84E-04
-5.9306	3.25E-04
-5.9187	3.74E-04
-5.9068	4.30E-04
-5.8949	4.93E-04
-5.883	5.64E-04
-5.871	6.39E-04
-5.8591	7.20E-04
-5.8472	8.02E-04
-5.8353	8.87E-04
-5.8234	9.70E-04
-5.8115	1.05E-03
-5.7996	1.13E-03
-5.7877	1.20E-03
-5.7758	1.26E-03
-5.7639	1.31E-03
-5.752	1.36E-03
-5.74	1.39E-03
-5.7281	1.40E-03
-5.7162	1.41E-03
-5.7043	1.40E-03
-5.6924	1.38E-03
-5.6805	1.35E-03
-5.6686	1.30E-03
-5.6567	1.25E-03
-5.6448	1.19E-03
-5.6329	1.12E-03
-5.621	1.05E-03
-5.6091	9.74E-04
-5.5971	8.96E-04
-5.5852	8.19E-04
-5.5733	7.43E-04
-5.5614	6.69E-04
-5.5495	5.99E-04
-5.5376	5.33E-04
-5.5257	4.72E-04
-5.5138	4.16E-04
-5.5019	3.66E-04
-5.49	3.21E-04
-5.4781	2.81E-04
-5.4661	2.45E-04
-5.4542	2.15E-04
-5.4423	1.88E-04
-5.4304	1.65E-04
-5.4185	1.45E-04
-5.4066	1.28E-04
-5.3947	1.13E-04
-5.3828	1.01E-04
-5.3709	8.92E-05
-5.359	7.92E-05
-5.3471	7.02E-05
-5.3351	6.23E-05
-5.3232	5.51E-05
-5.3113	4.86E-05
-5.2994	4.27E-05
-5.2875	3.75E-05
-5.2756	3.28E-05
-5.2637	2.87E-05
-5.2518	2.51E-05
-5.2399	2.19E-05
-5.228	1.92E-05
-5.2161	1.70E-05
-5.2042	1.51E-05
-5.1922	1.35E-05
-5.1803	1.22E-05
-5.1684	1.12E-05
-5.1565	1.03E-05
-5.1446	9.66E-06
-5.1327	9.15E-06
-5.1208	8.78E-06
-5.1089	8.54E-06
-5.097	8.43E-06
-5.0851	8.45E-06
-5.0732	8.61E-06
-5.0612	8.90E-06
-5.0493	9.33E-06
-5.0374	9.89E-06
-5.0255	1.06E-05
-5.0136	1.13E-05
-5.0017	1.22E-05
-4.9898	1.30E-05
-4.9779	1.39E-05
-4.966	1.47E-05
-4.9541	1.54E-05
-4.9422	1.59E-05
-4.9302	1.63E-05
-4.9183	1.64E-05
-4.9064	1.64E-05
-4.8945	1.61E-05
-4.8826	1.55E-05
-4.8707	1.48E-05
-4.8588	1.39E-05
-4.8469	1.28E-05
-4.835	1.17E-05
-4.8231	1.05E-05
-4.8112	9.30E-06
-4.7993	8.15E-06
-4.7873	7.09E-06
-4.7754	6.14E-06
-4.7635	5.33E-06
-4.7516	4.68E-06
-4.7397	4.19E-06
-4.7278	3.85E-06
-4.7159	3.66E-06
-4.704	3.59E-06
-4.6921	3.62E-06
-4.6802	3.73E-06
-4.6683	3.90E-06
-4.6563	4.08E-06
-4.6444	4.27E-06
-4.6325	4.44E-06
-4.6206	4.57E-06
-4.6087	4.67E-06
-4.5968	4.71E-06
-4.5849	4.70E-06
-4.573	4.65E-06
-4.5611	4.55E-06
-4.5492	4.41E-06
-4.5373	4.24E-06
-4.5253	4.04E-06
-4.5134	3.82E-06
-4.5015	3.59E-06
-4.4896	3.35E-06
-4.4777	3.12E-06
-4.4658	2.90E-06
-4.4539	2.70E-06
-4.442	2.53E-06
-4.4301	2.40E-06
-4.4182	2.33E-06
-4.4063	2.33E-06
-4.3944	2.42E-06
-4.3824	2.60E-06
-4.3705	2.88E-06
-4.3586	3.27E-06
-4.3467	3.77E-06
-4.3348	4.36E-06
-4.3229	5.03E-06
-4.311	5.76E-06
-4.2991	6.51E-06
-4.2872	7.26E-06
-4.2753	7.96E-06
-4.2634	8.58E-06
-4.2514	9.08E-06
-4.2395	9.45E-06
-4.2276	9.65E-06
-4.2157	9.70E-06
-4.2038	9.59E-06
-4.1919	9.35E-06
-4.18	9.04E-06
-4.1681	8.70E-06
-4.1562	8.41E-06
-4.1443	8.24E-06
-4.1324	8.28E-06
-4.1204	8.61E-06
-4.1085	9.30E-06
-4.0966	1.04E-05
-4.0847	1.19E-05
-4.0728	1.39E-05
-4.0609	1.63E-05
-4.049	1.90E-05
-4.0371	2.20E-05
-4.0252	2.52E-05
-4.0133	2.84E-05
-4.0014	3.15E-05
-3.9895	3.42E-05
-3.9775	3.65E-05
-3.9656	3.83E-05
-3.9537	3.93E-05
-3.9418	3.96E-05
-3.9299	3.91E-05
-3.918	3.77E-05
-3.9061	3.57E-05
-3.8942	3.30E-05
-3.8823	2.99E-05
-3.8704	2.66E-05
-3.8585	2.33E-05
-3.8465	2.02E-05
-3.8346	1.75E-05
-3.8227	1.55E-05
-3.8108	1.43E-05
-3.7989	1.41E-05
-3.787	1.48E-05
-3.7751	1.65E-05
-3.7632	1.91E-05
-3.7513	2.24E-05
-3.7394	2.63E-05
-3.7275	3.05E-05
-3.7155	3.47E-05
-3.7036	3.86E-05
-3.6917	4.20E-05
-3.6798	4.46E-05
-3.6679	4.63E-05
-3.656	4.68E-05
-3.6441	4.63E-05
-3.6322	4.47E-05
-3.6203	4.23E-05
-3.6084	3.92E-05
-3.5965	3.57E-05
-3.5846	3.23E-05
-3.5726	2.94E-05
-3.5607	2.72E-05
-3.5488	2.63E-05
-3.5369	2.69E-05
-3.525	2.92E-05
-3.5131	3.34E-05
-3.5012	3.95E-05
-3.4893	4.75E-05
-3.4774	5.72E-05
-3.4655	6.83E-05
-3.4536	8.05E-05
-3.4416	9.34E-05
-3.4297	1.06E-04
-3.4178	1.19E-04
-3.4059	1.32E-04
-3.394	1.43E-04
-3.3821	1.54E-04
-3.3702	1.63E-04
-3.3583	1.72E-04
-3.3464	1.81E-04
-3.3345	1.89E-04
-3.3226	1.98E-04
-3.3106	2.08E-04
-3.2987	2.19E-04
-3.2868	2.33E-04
-3.2749	2.49E-04
-3.263	2.69E-04
-3.2511	2.91E-04
-3.2392	3.17E-04
-3.2273	3.45E-04
-3.2154	3.74E-04
-3.2035	4.05E-04
-3.1916	4.35E-04
-3.1797	4.64E-04
-3.1677	4.89E-04
-3.1558	5.10E-04
-3.1439	5.25E-04
-3.132	5.33E-04
-3.1201	5.33E-04
-3.1082	5.25E-04
-3.0963	5.09E-04
-3.0844	4.86E-04
-3.0725	4.57E-04
-3.0606	4.23E-04
-3.0487	3.86E-04
-3.0367	3.48E-04
-3.0248	3.12E-04
-3.0129	2.80E-04
-3.001	2.56E-04
-2.9891	2.40E-04
-2.9772	2.36E-04
-2.9653	2.46E-04
-2.9534	2.69E-04
-2.9415	3.07E-04
-2.9296	3.60E-04
-2.9177	4.25E-04
-2.9058	5.02E-04
-2.8938	5.87E-04
-2.8819	6.78E-04
-2.87	7.72E-04
-2.8581	8.66E-04
-2.8462	9.57E-04
-2.8343	1.04E-03
-2.8224	1.13E-03
-2.8105	1.20E-03
-2.7986	1.27E-03
-2.7867	1.35E-03
-2.7748	1.42E-03
-2.7628	1.50E-03
-2.7509	1.59E-03
-2.739	1.71E-03
-2.7271	1.86E-03
-2.7152	2.05E-03
-2.7033	2.29E-03
-2.6914	2.59E-03
-2.6795	2.95E-03
-2.6676	3.39E-03
-2.6557	3.91E-03
-2.6438	4.51E-03
-2.6318	5.19E-03
-2.6199	5.95E-03
-2.608	6.79E-03
-2.5961	7.69E-03
-2.5842	8.66E-03
-2.5723	9.67E-03
-2.5604	1.07E-02
-2.5485	1.18E-02
-2.5366	1.28E-02
-2.5247	1.39E-02
-2.5128	1.48E-02
-2.5009	1.57E-02
-2.4889	1.64E-02
-2.477	1.71E-02
-2.4651	1.75E-02
-2.4532	1.78E-02
-2.4413	1.79E-02
-2.4294	1.79E-02
-2.4175	1.76E-02
-2.4056	1.73E-02
-2.3937	1.68E-02
-2.3818	1.61E-02
-2.3699	1.54E-02
-2.3579	1.46E-02
-2.346	1.37E-02
-2.3341	1.28E-02
-2.3222	1.19E-02
-2.3103	1.09E-02
-2.2984	9.90E-03
-2.2865	8.93E-03
-2.2746	7.98E-03
-2.2627	7.07E-03
-2.2508	6.22E-03
-2.2389	5.45E-03
-2.2269	4.77E-03
-2.215	4.18E-03
-2.2031	3.68E-03
-2.1912	3.26E-03
-2.1793	2.93E-03
-2.1674	2.66E-03
-2.1555	2.45E-03
-2.1436	2.29E-03
-2.1317	2.16E-03
-2.1198	2.05E-03
-2.1079	1.95E-03
-2.096	1.86E-03
-2.084	1.77E-03
-2.0721	1.68E-03
-2.0602	1.58E-03
-2.0483	1.48E-03
-2.0364	1.36E-03
-2.0245	1.24E-03
-2.0126	1.11E-03
-2.0007	9.80E-04
-1.9888	8.53E-04
-1.9769	7.36E-04
-1.965	6.31E-04
-1.953	5.43E-04
-1.9411	4.72E-04
-1.9292	4.21E-04
-1.9173	3.88E-04
-1.9054	3.72E-04
-1.8935	3.74E-04
-1.8816	3.94E-04
-1.8697	4.22E-04
-1.8578	4.66E-04
-1.8459	5.22E-04
-1.834	5.86E-04
-1.822	6.58E-04
-1.8101	7.43E-04
-1.7982	8.30E-04
-1.7863	8.72E-04
-1.7744	2.25E-03
-1.7625	4.54E-04
-1.7506	2.74E-04
-1.7387	1.56E-04
-1.7268	1.80E-04
-1.7149	2.82E-04
-1.703	1.02E-03
-1.6911	2.71E-03
-1.6791	3.98E-04
-1.6672	2.47E-04
-1.6553	7.46E-04
-1.6434	3.80E-04
-1.6315	3.20E-04
-1.6196	3.90E-04
-1.6077	1.05E-03
-1.5958	2.58E-03
-1.5839	3.00E-04
-1.572	9.13E-05
-1.5601	5.05E-05
-1.5481	4.46E-05
-1.5362	4.10E-05
-1.5243	1.65E-05
-1.5124	1.20E-05
-1.5005	9.68E-06
-1.4886	8.05E-06
-1.4767	6.97E-06
-1.4648	5.79E-06
-1.4529	4.92E-06
-1.441	4.20E-06
-1.4291	3.58E-06
-1.4171	3.05E-06
-1.4052	2.58E-06
-1.3933	2.18E-06
-1.3814	1.84E-06
-1.3695	1.54E-06
-1.3576	1.29E-06
-1.3457	1.08E-06
-1.3338	9.05E-07
-1.3219	7.63E-07
-1.31	6.51E-07
-1.2981	5.68E-07
-1.2862	5.15E-07
-1.2742	4.96E-07
-1.2623	5.32E-07
-1.2504	6.49E-07
-1.2385	9.65E-07
-1.2266	1.61E-06
-1.2147	6.34E-06
-1.2028	1.59E-04
-1.1909	1.49E-05
-1.179	1.89E-05
-1.1671	5.15E-06
-1.1552	1.19E-05
-1.1432	5.59E-06
-1.1313	1.06E-05
-1.1194	9.19E-05
-1.1075	6.55E-05
-1.0956	6.18E-05
-1.0837	8.43E-05
-1.0718	1.10E-04
-1.0599	8.26E-06
-1.048	9.59E-06
-1.0361	1.06E-06
-1.0242	2.27E-06
-1.0122	1.21E-06
-1.0003	1.24E-06
-0.98843	2.06E-06
-0.97652	5.98E-06
-0.96461	1.65E-06
-0.95271	3.99E-07
-0.9408	3.69E-07
-0.92889	5.51E-07
-0.91698	9.18E-07
-0.90507	2.12E-06
-0.89316	1.16E-06
-0.88125	1.78E-07
-0.86934	1.46E-07
-0.85743	1.60E-07
-0.84553	2.47E-07
-0.83362	4.28E-06
-0.82171	3.78E-07
-0.8098	2.98E-07
-0.79789	5.51E-07
-0.78598	5.16E-07
-0.77407	3.54E-07
-0.76216	5.25E-07
-0.75026	4.11E-07
-0.73835	4.08E-07
-0.72644	8.63E-07
-0.71453	4.17E-07
-0.70262	8.61E-07
-0.69071	4.29E-07
-0.6788	6.90E-07
-0.66689	4.19E-07
-0.65498	6.61E-07
-0.64308	3.34E-07
-0.63117	6.37E-07
-0.61926	2.25E-07
-0.60735	1.04E-06
-0.59544	1.77E-07
-0.58353	5.56E-07
-0.57162	2.58E-07
-0.55971	4.20E-07
-0.54781	3.27E-06
-0.5359	4.43E-07
-0.52399	1.69E-06
-0.51208	1.40E-06
-0.50017	5.78E-07
-0.48826	2.56E-06
-0.47635	1.15E-06
-0.46444	4.98E-07
-0.45253	9.20E-07
-0.44063	1.23E-06
-0.42872	3.88E-07
-0.41681	3.85E-07
-0.4049	2.38E-06
-0.39299	4.28E-07
-0.38108	3.29E-07
-0.36917	3.69E-07
-0.35726	3.04E-06
-0.34536	5.93E-07
-0.33345	2.88E-07
-0.32154	2.50E-07
-0.30963	3.37E-07
-0.29772	8.86E-06
-0.28581	3.37E-07
-0.2739	2.40E-07
-0.26199	2.58E-07
-0.25009	3.21E-07
-0.23818	5.29E-07
-0.22627	7.48E-06
-0.21436	8.44E-07
-0.20245	5.72E-07
-0.19054	5.76E-07
-0.17863	6.17E-07
-0.16672	6.70E-07
-0.15481	7.31E-07
-0.14291	8.12E-07
-0.131	9.75E-07
-0.11909	1.83E-06
-0.10718	6.49E-06
-0.09527	1.63E-06
-0.08336	1.25E-06
-0.07145	1.19E-06
-0.05954	1.20E-06
-0.04763	1.25E-06
-0.03573	1.30E-06
-0.02382	1.37E-06
-0.01191	1.45E-06
0	1.53E-06
0.01191	1.61E-06
0.02382	1.69E-06
0.03573	1.76E-06
0.04763	1.84E-06
0.05954	1.90E-06
0.07145	1.95E-06
0.08336	2.01E-06
0.09527	2.13E-06
0.10718	3.97E-06
0.11909	2.59E-06
0.131	2.11E-06
0.14291	1.95E-06
0.15481	1.83E-06
0.16672	1.72E-06
0.17863	1.62E-06
0.19054	1.58E-06
0.20245	1.77E-06
0.21436	3.73E-06
0.22627	5.03E-05
0.23818	2.65E-06
0.25009	1.38E-06
0.26199	1.16E-06
0.2739	1.26E-06
0.28581	2.26E-06
0.29772	6.32E-05
0.30963	2.06E-06
0.32154	1.58E-06
0.33345	1.72E-06
0.34536	2.15E-06
0.35726	3.55E-06
0.36917	2.35E-06
0.38108	2.60E-06
0.39299	3.04E-06
0.4049	1.16E-05
0.41681	3.80E-06
0.42872	4.09E-06
0.44063	1.15E-05
0.45253	9.03E-06
0.46444	5.55E-06
0.47635	1.07E-05
0.48826	2.27E-05
0.50017	7.22E-06
0.51208	1.46E-05
0.52399	1.89E-05
0.5359	8.35E-06
0.54781	4.32E-05
0.55971	1.09E-05
0.57162	1.03E-05
0.58353	2.07E-05
0.59544	1.14E-05
0.60735	4.81E-05
0.61926	1.47E-05
0.63117	2.05E-05
0.64308	1.96E-05
0.65498	2.63E-05
0.66689	2.57E-05
0.6788	3.56E-05
0.69071	3.21E-05
0.70262	6.68E-05
0.71453	3.90E-05
0.72644	1.71E-04
0.73835	4.99E-05
0.75026	6.57E-05
0.76216	1.29E-04
0.77407	6.75E-05
0.78598	1.57E-04
0.79789	1.62E-04
0.8098	8.11E-05
0.82171	1.12E-04
0.83362	1.07E-03
0.84553	8.19E-05
0.85743	6.49E-05
0.86934	6.26E-05
0.88125	7.23E-05
0.89316	3.01E-04
0.90507	4.96E-04
0.91698	2.38E-04
0.92889	1.70E-04
0.9408	1.39E-04
0.95271	1.21E-04
0.96461	1.15E-04
0.97652	6.73E-05
0.98843	4.12E-05
1.0003	4.05E-05
1.0122	5.56E-05
1.0242	3.52E-04
1.0361	3.12E-05
1.048	3.66E-05
1.0599	2.11E-05
1.0718	1.23E-04
1.0837	5.88E-05
1.0956	1.86E-05
1.1075	1.18E-05
1.1194	4.21E-05
1.1313	3.15E-05
1.1432	1.11E-04
1.1552	7.34E-05
1.1671	4.53E-04
1.179	3.17E-03
1.1909	2.36E-03
1.2028	3.06E-04
1.2147	4.68E-05
1.2266	2.02E-05
1.2385	1.20E-05
1.2504	8.20E-06
1.2623	6.13E-06
1.2742	4.93E-06
1.2862	4.20E-06
1.2981	3.78E-06
1.31	3.56E-06
1.3219	3.46E-06
1.3338	3.48E-06
1.3457	3.58E-06
1.3576	3.76E-06
1.3695	4.02E-06
1.3814	4.35E-06
1.3933	4.78E-06
1.4052	5.33E-06
1.4171	6.03E-06
1.4291	6.94E-06
1.441	8.18E-06
1.4529	1.00E-05
1.4648	1.29E-05
1.4767	1.81E-05
1.4886	3.41E-05
1.5005	1.60E-04
1.5124	2.04E-04
1.5243	7.23E-05
1.5362	8.18E-05
1.5481	1.54E-04
1.5601	5.59E-04
1.572	3.32E-03
1.5839	5.53E-04
1.5958	2.11E-04
1.6077	1.59E-04
1.6196	4.70E-04
1.6315	2.44E-04
1.6434	1.06E-04
1.6553	1.34E-04
1.6672	4.49E-04
1.6791	1.40E-03
1.6911	2.06E-04
1.703	1.18E-04
1.7149	7.50E-05
1.7268	4.68E-05
1.7387	4.99E-05
1.7506	7.91E-05
1.7625	3.44E-04
1.7744	1.92E-04
1.7863	2.46E-04
1.7982	1.38E-04
1.8101	1.04E-04
1.822	8.45E-05
1.834	7.12E-05
1.8459	6.25E-05
1.8578	5.68E-05
1.8697	5.30E-05
1.8816	5.04E-05
1.8935	4.87E-05
1.9054	4.77E-05
1.9173	4.73E-05
1.9292	4.74E-05
1.9411	4.76E-05
1.953	4.77E-05
1.965	4.75E-05
1.9769	4.68E-05
1.9888	4.56E-05
2.0007	4.36E-05
2.0126	4.10E-05
2.0245	3.77E-05
2.0364	3.40E-05
2.0483	3.01E-05
2.0602	2.60E-05
2.0721	2.22E-05
2.084	1.88E-05
2.096	1.61E-05
2.1079	1.43E-05
2.1198	1.34E-05
2.1317	1.37E-05
2.1436	1.49E-05
2.1555	1.72E-05
2.1674	2.04E-05
2.1793	2.42E-05
2.1912	2.86E-05
2.2031	3.31E-05
2.215	3.76E-05
2.2269	4.17E-05
2.2389	4.51E-05
2.2508	4.76E-05
2.2627	4.90E-05
2.2746	4.92E-05
2.2865	4.83E-05
2.2984	4.63E-05
2.3103	4.34E-05
2.3222	4.00E-05
2.3341	3.64E-05
2.346	3.29E-05
2.3579	2.99E-05
2.3699	2.77E-05
2.3818	2.67E-05
2.3937	2.70E-05
2.4056	2.90E-05
2.4175	3.26E-05
2.4294	3.78E-05
2.4413	4.46E-05
2.4532	5.26E-05
2.4651	6.15E-05
2.477	7.08E-05
2.4889	8.00E-05
2.5009	8.87E-05
2.5128	9.63E-05
2.5247	1.02E-04
2.5366	1.07E-04
2.5485	1.09E-04
2.5604	1.09E-04
2.5723	1.07E-04
2.5842	1.03E-04
2.5961	9.66E-05
2.608	8.91E-05
2.6199	8.04E-05
2.6318	7.11E-05
2.6438	6.18E-05
2.6557	5.30E-05
2.6676	4.53E-05
2.6795	3.90E-05
2.6914	3.46E-05
2.7033	3.23E-05
2.7152	3.22E-05
2.7271	3.43E-05
2.739	3.83E-05
2.7509	4.38E-05
2.7628	5.05E-05
2.7748	5.78E-05
2.7867	6.52E-05
2.7986	7.21E-05
2.8105	7.80E-05
2.8224	8.24E-05
2.8343	8.51E-05
2.8462	8.59E-05
2.8581	8.46E-05
2.87	8.14E-05
2.8819	7.65E-05
2.8938	7.04E-05
2.9058	6.35E-05
2.9177	5.64E-05
2.9296	4.98E-05
2.9415	4.42E-05
2.9534	4.04E-05
2.9653	3.87E-05
2.9772	3.96E-05
2.9891	4.31E-05
3.001	4.94E-05
3.0129	5.82E-05
3.0248	6.93E-05
3.0367	8.22E-05
3.0487	9.65E-05
3.0606	1.12E-04
3.0725	1.27E-04
3.0844	1.42E-04
3.0963	1.56E-04
3.1082	1.68E-04
3.1201	1.79E-04
3.132	1.89E-04
3.1439	1.97E-04
3.1558	2.04E-04
3.1677	2.10E-04
3.1797	2.15E-04
3.1916	2.21E-04
3.2035	2.28E-04
3.2154	2.37E-04
3.2273	2.48E-04
3.2392	2.61E-04
3.2511	2.77E-04
3.263	2.96E-04
3.2749	3.17E-04
3.2868	3.40E-04
3.2987	3.64E-04
3.3106	3.88E-04
3.3226	4.11E-04
3.3345	4.31E-04
3.3464	4.48E-04
3.3583	4.60E-04
3.3702	4.66E-04
3.3821	4.65E-04
3.394	4.57E-04
3.4059	4.43E-04
3.4178	4.21E-04
3.4297	3.94E-04
3.4416	3.63E-04
3.4536	3.29E-04
3.4655	2.93E-04
3.4774	2.59E-04
3.4893	2.28E-04
3.5012	2.02E-04
3.5131	1.83E-04
3.525	1.72E-04
3.5369	1.71E-04
3.5488	1.79E-04
3.5607	1.98E-04
3.5726	2.27E-04
3.5846	2.64E-04
3.5965	3.09E-04
3.6084	3.59E-04
3.6203	4.13E-04
3.6322	4.67E-04
3.6441	5.21E-04
3.656	5.72E-04
3.6679	6.18E-04
3.6798	6.58E-04
3.6917	6.91E-04
3.7036	7.19E-04
3.7155	7.42E-04
3.7275	7.62E-04
3.7394	7.82E-04
3.7513	8.05E-04
3.7632	8.35E-04
3.7751	8.78E-04
3.787	9.37E-04
3.7989	1.02E-03
3.8108	1.12E-03
3.8227	1.26E-03
3.8346	1.43E-03
3.8465	1.63E-03
3.8585	1.87E-03
3.8704	2.14E-03
3.8823	2.45E-03
3.8942	2.78E-03
3.9061	3.14E-03
3.918	3.52E-03
3.9299	3.91E-03
3.9418	4.30E-03
3.9537	4.68E-03
3.9656	5.05E-03
3.9775	5.40E-03
3.9895	5.72E-03
4.0014	6.00E-03
4.0133	6.23E-03
4.0252	6.41E-03
4.0371	6.54E-03
4.049	6.61E-03
4.0609	6.62E-03
4.0728	6.58E-03
4.0847	6.47E-03
4.0966	6.31E-03
4.1085	6.09E-03
4.1204	5.83E-03
4.1324	5.53E-03
4.1443	5.20E-03
4.1562	4.85E-03
4.1681	4.47E-03
4.18	4.09E-03
4.1919	3.72E-03
4.2038	3.34E-03
4.2157	2.99E-03
4.2276	2.65E-03
4.2395	2.33E-03
4.2514	2.04E-03
4.2634	1.78E-03
4.2753	1.55E-03
4.2872	1.35E-03
4.2991	1.17E-03
4.311	1.02E-03
4.3229	8.92E-04
4.3348	7.85E-04
4.3467	6.97E-04
4.3586	6.23E-04
4.3705	5.62E-04
4.3824	5.10E-04
4.3944	4.66E-04
4.4063	4.27E-04
4.4182	3.92E-04
4.4301	3.59E-04
4.442	3.28E-04
4.4539	2.97E-04
4.4658	2.67E-04
4.4777	2.38E-04
4.4896	2.10E-04
4.5015	1.83E-04
4.5134	1.58E-04
4.5253	1.35E-04
4.5373	1.14E-04
4.5492	9.56E-05
4.5611	8.02E-05
4.573	6.76E-05
4.5849	5.80E-05
4.5968	5.10E-05
4.6087	4.66E-05
4.6206	4.42E-05
4.6325	4.37E-05
4.6444	4.45E-05
4.6563	4.61E-05
4.6683	4.83E-05
4.6802	5.05E-05
4.6921	5.25E-05
4.704	5.40E-05
4.7159	5.48E-05
4.7278	5.48E-05
4.7397	5.40E-05
4.7516	5.25E-05
4.7635	5.01E-05
4.7754	4.72E-05
4.7873	4.38E-05
4.7993	4.01E-05
4.8112	3.63E-05
4.8231	3.24E-05
4.835	2.87E-05
4.8469	2.53E-05
4.8588	2.21E-05
4.8707	1.93E-05
4.8826	1.70E-05
4.8945	1.50E-05
4.9064	1.34E-05
4.9183	1.22E-05
4.9302	1.13E-05
4.9422	1.06E-05
4.9541	1.01E-05
4.966	9.73E-06
4.9779	9.47E-06
4.9898	9.25E-06
5.0017	9.04E-06
5.0136	8.83E-06
5.0255	8.60E-06
5.0374	8.34E-06
5.0493	8.05E-06
5.0612	7.74E-06
5.0732	7.40E-06
5.0851	7.05E-06
5.097	6.68E-06
5.1089	6.32E-06
5.1208	5.95E-06
5.1327	5.59E-06
5.1446	5.24E-06
5.1565	4.89E-06
5.1684	4.55E-06
5.1803	4.22E-06
5.1922	3.89E-06
5.2042	3.58E-06
5.2161	3.29E-06
5.228	3.01E-06
5.2399	2.75E-06
5.2518	2.52E-06
5.2637	2.31E-06
5.2756	2.14E-06
5.2875	2.00E-06
5.2994	1.89E-06
5.3113	1.81E-06
5.3232	1.75E-06
5.3351	1.73E-06
5.3471	1.71E-06
5.359	1.71E-06
5.3709	1.72E-06
5.3828	1.72E-06
5.3947	1.72E-06
5.4066	1.71E-06
5.4185	1.68E-06
5.4304	1.65E-06
5.4423	1.60E-06
5.4542	1.54E-06
5.4661	1.48E-06
5.4781	1.42E-06
5.49	1.36E-06
5.5019	1.31E-06
5.5138	1.27E-06
5.5257	1.25E-06
5.5376	1.24E-06
5.5495	1.25E-06
5.5614	1.28E-06
5.5733	1.33E-06
5.5852	1.39E-06
5.5971	1.47E-06
5.6091	1.57E-06
5.621	1.69E-06
5.6329	1.83E-06
5.6448	1.99E-06
5.6567	2.18E-06
5.6686	2.40E-06
5.6805	2.66E-06
5.6924	2.95E-06
5.7043	3.28E-06
5.7162	3.64E-06
5.7281	4.03E-06
5.74	4.45E-06
5.752	4.87E-06
5.7639	5.29E-06
5.7758	5.69E-06
5.7877	6.04E-06
5.7996	6.34E-06
5.8115	6.55E-06
5.8234	6.67E-06
5.8353	6.69E-06
5.8472	6.59E-06
5.8591	6.37E-06
5.871	6.05E-06
5.883	5.64E-06
5.8949	5.17E-06
5.9068	4.65E-06
5.9187	4.14E-06
5.9306	3.65E-06
5.9425	3.24E-06
5.9544	2.92E-06
5.9663	2.75E-06
5.9782	2.72E-06
5.9901	2.87E-06
6.002	3.18E-06
6.014	3.64E-06
6.0259	4.24E-06
6.0378	4.93E-06
6.0497	5.69E-06
6.0616	6.45E-06
6.0735	7.17E-06
6.0854	7.81E-06
6.0973	8.31E-06
6.1092	8.64E-06
6.1211	8.79E-06
6.133	8.75E-06
6.1449	8.52E-06
6.1569	8.13E-06
6.1688	7.63E-06
6.1807	7.07E-06
6.1926	6.51E-06
6.2045	6.04E-06
6.2164	5.72E-06
6.2283	5.62E-06
6.2402	5.81E-06
6.2521	6.33E-06
6.264	7.21E-06
6.2759	8.45E-06
6.2879	1.01E-05
6.2998	1.20E-05
6.3117	1.42E-05
6.3236	1.66E-05
6.3355	1.91E-05
6.3474	2.17E-05
6.3593	2.42E-05
6.3712	2.67E-05
6.3831	2.91E-05
6.395	3.13E-05
6.4069	3.33E-05
6.4188	3.52E-05
6.4308	3.70E-05
6.4427	3.89E-05
6.4546	4.08E-05
6.4665	4.30E-05
6.4784	4.54E-05
6.4903	4.82E-05
6.5022	5.16E-05
6.5141	5.54E-05
6.526	5.98E-05
6.5379	6.47E-05
6.5498	7.00E-05
6.5618	7.56E-05
6.5737	8.12E-05
6.5856	8.68E-05
6.5975	9.20E-05
6.6094	9.65E-05
6.6213	1.00E-04
6.6332	1.03E-04
6.6451	1.04E-04
6.657	1.04E-04
6.6689	1.02E-04
6.6808	9.85E-05
6.6928	9.38E-05
6.7047	8.78E-05
6.7166	8.10E-05
6.7285	7.36E-05
6.7404	6.61E-05
6.7523	5.91E-05
6.7642	5.29E-05
6.7761	4.81E-05
6.788	4.50E-05
6.7999	4.42E-05
6.8118	4.58E-05
6.8237	5.00E-05
6.8357	5.69E-05
6.8476	6.64E-05
6.8595	7.82E-05
6.8714	9.20E-05
6.8833	1.07E-04
6.8952	1.24E-04
6.9071	1.41E-04
6.919	1.58E-04
6.9309	1.75E-04
6.9428	1.91E-04
6.9547	2.06E-04
6.9667	2.20E-04
6.9786	2.34E-04
6.9905	2.47E-04
7.0024	2.61E-04
7.0143	2.77E-04
7.0262	2.95E-04
7.0381	3.18E-04
7.05	3.46E-04
7.0619	3.82E-04
7.0738	4.26E-04
7.0857	4.81E-04
7.0977	5.47E-04
7.1096	6.26E-04
7.1215	7.18E-04
7.1334	8.24E-04
7.1453	9.43E-04
7.1572	1.07E-03
7.1691	1.22E-03
7.181	1.37E-03
7.1929	1.53E-03
7.2048	1.69E-03
7.2167	1.85E-03
7.2286	2.01E-03
7.2406	2.17E-03
7.2525	2.31E-03
7.2644	2.44E-03
7.2763	2.56E-03
7.2882	2.65E-03
7.3001	2.73E-03
7.312	2.78E-03
7.3239	2.80E-03
7.3358	2.81E-03
7.3477	2.78E-03
7.3596	2.73E-03
7.3716	2.66E-03
7.3835	2.56E-03
7.3954	2.45E-03
7.4073	2.32E-03
7.4192	2.17E-03
7.4311	2.02E-03
7.443	1.86E-03
7.4549	1.69E-03
7.4668	1.53E-03
7.4787	1.37E-03
7.4906	1.22E-03
7.5026	1.07E-03
7.5145	9.43E-04
7.5264	8.23E-04
7.5383	7.17E-04
7.5502	6.24E-04
7.5621	5.45E-04
7.574	4.79E-04
7.5859	4.25E-04
7.5978	3.81E-04
7.6097	3.47E-04
7.6216	3.20E-04
7.6335	2.99E-04
7.6455	2.82E-04
7.6574	2.69E-04
7.6693	2.57E-04
7.6812	2.46E-04
7.6931	2.34E-04
7.705	2.22E-04
7.7169	2.09E-04
7.7288	1.94E-04
7.7407	1.79E-04
7.7526	1.62E-04
7.7645	1.45E-04
7.7765	1.28E-04
7.7884	1.12E-04
7.8003	9.62E-05
7.8122	8.24E-05
7.8241	7.05E-05
7.836	6.09E-05
7.8479	5.38E-05
7.8598	4.92E-05
7.8717	4.70E-05
7.8836	4.72E-05
7.8955	4.93E-05
7.9075	5.31E-05
7.9194	5.81E-05
7.9313	6.40E-05
7.9432	7.03E-05
7.9551	7.65E-05
7.967	8.22E-05
7.9789	8.73E-05
7.9908	9.13E-05
8.0027	9.41E-05
8.0146	9.57E-05
8.0265	9.60E-05
8.0384	9.50E-05
8.0504	9.29E-05
8.0623	8.99E-05
8.0742	8.61E-05
8.0861	8.18E-05
8.098	7.71E-05
8.1099	7.23E-05
8.1218	6.75E-05
8.1337	6.28E-05
8.1456	5.84E-05
8.1575	5.43E-05
8.1694	5.06E-05
8.1814	4.73E-05
8.1933	4.42E-05
8.2052	4.14E-05
8.2171	3.89E-05
8.229	3.65E-05
8.2409	3.41E-05
8.2528	3.18E-05
8.2647	2.95E-05
8.2766	2.71E-05
8.2885	2.47E-05
8.3004	2.22E-05
8.3124	1.98E-05
8.3243	1.74E-05
8.3362	1.51E-05
8.3481	1.29E-05
8.36	1.10E-05
8.3719	9.26E-06
8.3838	7.84E-06
8.3957	6.73E-06
8.4076	5.92E-06
8.4195	5.41E-06
8.4314	5.17E-06
8.4433	5.16E-06
8.4553	5.31E-06
8.4672	5.59E-06
8.4791	5.92E-06
8.491	6.24E-06
8.5029	6.51E-06
8.5148	6.67E-06
8.5267	6.70E-06
8.5386	6.58E-06
8.5505	6.30E-06
8.5624	5.89E-06
8.5743	5.36E-06
8.5863	4.76E-06
8.5982	4.12E-06
8.6101	3.48E-06
8.622	2.91E-06
8.6339	2.43E-06
8.6458	2.07E-06
8.6577	1.87E-06
8.6696	1.83E-06
8.6815	1.95E-06
8.6934	2.22E-06
8.7053	2.60E-06
8.7173	3.08E-06
8.7292	3.60E-06
8.7411	4.13E-06
8.753	4.61E-06
8.7649	5.01E-06
8.7768	5.31E-06
8.7887	5.46E-06
8.8006	5.47E-06
8.8125	5.34E-06
8.8244	5.06E-06
8.8363	4.68E-06
8.8482	4.22E-06
8.8602	3.71E-06
8.8721	3.21E-06
8.884	2.75E-06
8.8959	2.38E-06
8.9078	2.12E-06
8.9197	2.01E-06
8.9316	2.06E-06
8.9435	2.27E-06
8.9554	2.63E-06
8.9673	3.13E-06
8.9792	3.74E-06
8.9912	4.41E-06
9.0031	5.11E-06
9.015	5.78E-06
9.0269	6.39E-06
9.0388	6.90E-06
9.0507	7.26E-06
9.0626	7.47E-06
9.0745	7.49E-06
9.0864	7.34E-06
9.0983	7.02E-06
9.1102	6.56E-06
9.1222	5.98E-06
9.1341	5.33E-06
9.146	4.64E-06
9.1579	3.95E-06
9.1698	3.32E-06
9.1817	2.77E-06
9.1936	2.34E-06
9.2055	2.05E-06
9.2174	1.91E-06
9.2293	1.91E-06
9.2412	2.06E-06
9.2531	2.32E-06
9.2651	2.67E-06
9.277	3.08E-06
9.2889	3.52E-06
9.3008	3.93E-06
9.3127	4.29E-06
9.3246	4.57E-06
9.3365	4.74E-06
9.3484	4.80E-06
9.3603	4.73E-06
9.3722	4.54E-06
9.3841	4.24E-06
9.3961	3.87E-06
9.408	3.44E-06
9.4199	3.00E-06
9.4318	2.56E-06
9.4437	2.18E-06
9.4556	1.87E-06
9.4675	1.67E-06
9.4794	1.59E-06
9.4913	1.64E-06
9.5032	1.82E-06
9.5151	2.12E-06
9.5271	2.53E-06
9.539	3.03E-06
9.5509	3.57E-06
9.5628	4.14E-06
9.5747	4.71E-06
9.5866	5.24E-06
9.5985	5.71E-06
9.6104	6.11E-06
9.6223	6.42E-06
9.6342	6.64E-06
9.6461	6.79E-06
9.658	6.87E-06
9.67	6.90E-06
9.6819	6.92E-06
9.6938	6.93E-06
9.7057	6.99E-06
9.7176	7.10E-06
9.7295	7.28E-06
9.7414	7.56E-06
9.7533	7.93E-06
9.7652	8.39E-06
9.7771	8.93E-06
9.789	9.52E-06
9.801	1.01E-05
9.8129	1.07E-05
9.8248	1.13E-05
9.8367	1.18E-05
9.8486	1.21E-05
9.8605	1.23E-05
9.8724	1.23E-05
9.8843	1.21E-05
9.8962	1.18E-05
9.9081	1.12E-05
9.92	1.05E-05
9.9319	9.68E-06
9.9439	8.76E-06
9.9558	7.81E-06
9.9677	6.88E-06
9.9796	6.02E-06
9.9915	5.29E-06
10.003	4.73E-06
10.015	4.37E-06
10.027	4.25E-06
10.039	4.37E-06
10.051	4.73E-06
10.063	5.32E-06
10.075	6.11E-06
10.087	7.04E-06
10.099	8.08E-06
10.111	9.15E-06
10.122	1.02E-05
10.134	1.12E-05
10.146	1.21E-05
10.158	1.28E-05
10.17	1.33E-05
10.182	1.36E-05
10.194	1.37E-05
10.206	1.36E-05
10.218	1.34E-05
10.23	1.31E-05
10.242	1.28E-05
10.253	1.25E-05
10.265	1.23E-05
10.277	1.24E-05
10.289	1.28E-05
10.301	1.36E-05
10.313	1.47E-05
10.325	1.64E-05
10.337	1.85E-05
10.349	2.12E-05
10.361	2.43E-05
10.373	2.79E-05
10.384	3.18E-05
10.396	3.61E-05
10.408	4.05E-05
10.42	4.51E-05
10.432	4.96E-05
10.444	5.41E-05
10.456	5.83E-05
10.468	6.23E-05
10.48	6.58E-05
10.492	6.88E-05
10.504	7.12E-05
10.515	7.31E-05
10.527	7.43E-05
10.539	7.49E-05
10.551	7.48E-05
10.563	7.41E-05
10.575	7.29E-05
10.587	7.11E-05
10.599	6.89E-05
10.611	6.62E-05
10.623	6.33E-05
10.635	6.01E-05
10.646	5.67E-05
10.658	5.31E-05
10.67	4.96E-05
10.682	4.60E-05
10.694	4.24E-05
10.706	3.89E-05
10.718	3.55E-05
10.73	3.22E-05
10.742	2.90E-05
10.754	2.61E-05
10.766	2.33E-05
10.777	2.06E-05
10.789	1.82E-05
10.801	1.60E-05
10.813	1.40E-05
10.825	1.22E-05
10.837	1.07E-05
10.849	9.30E-06
10.861	8.15E-06
10.873	7.21E-06
10.885	6.45E-06
10.897	5.87E-06
10.908	5.44E-06
10.92	5.14E-06
10.932	4.94E-06
10.944	4.83E-06
10.956	4.77E-06
10.968	4.74E-06
10.98	4.72E-06
10.992	4.69E-06
11.004	4.62E-06
11.016	4.52E-06
11.028	4.37E-06
11.039	4.17E-06
11.051	3.94E-06
11.063	3.67E-06
11.075	3.39E-06
11.087	3.11E-06
11.099	2.85E-06
11.111	2.64E-06
11.123	2.49E-06
11.135	2.41E-06
11.147	2.43E-06
11.159	2.55E-06
11.17	2.78E-06
11.182	3.11E-06
11.194	3.54E-06
11.206	4.05E-06
11.218	4.62E-06
11.23	5.24E-06
11.242	5.89E-06
11.254	6.53E-06
11.266	7.15E-06
11.278	7.71E-06
11.29	8.20E-06
11.301	8.60E-06
11.313	8.90E-06
11.325	9.08E-06
11.337	9.15E-06
11.349	9.10E-06
11.361	8.94E-06
11.373	8.68E-06
11.385	8.34E-06
11.397	7.93E-06
11.409	7.46E-06
11.421	6.95E-06
11.432	6.43E-06
11.444	5.90E-06
11.456	5.38E-06
11.468	4.88E-06
11.48	4.40E-06
11.492	3.96E-06
11.504	3.55E-06
11.516	3.18E-06
11.528	2.84E-06
11.54	2.54E-06
11.552	2.26E-06
11.563	2.02E-06
11.575	1.81E-06
11.587	1.62E-06
11.599	1.45E-06
11.611	1.31E-06
11.623	1.20E-06
11.635	1.11E-06
11.647	1.04E-06
11.659	9.94E-07
11.671	9.71E-07
11.683	9.67E-07
11.694	9.81E-07
11.706	1.01E-06
11.718	1.04E-06
11.73	1.08E-06
11.742	1.11E-06
11.754	1.13E-06
11.766	1.14E-06
11.778	1.14E-06
11.79	1.11E-06
11.802	1.06E-06
11.814	9.99E-07
11.825	9.18E-07
11.837	8.28E-07
11.849	7.36E-07
11.861	6.50E-07
11.873	5.79E-07
11.885	5.31E-07
11.897	5.14E-07
11.909	5.33E-07
11.921	5.92E-07
11.933	6.92E-07
11.945	8.31E-07
11.956	1.00E-06
11.968	1.20E-06
11.98	1.41E-06
11.992	1.62E-06
12.004	1.83E-06
12.016	2.01E-06
12.028	2.15E-06
12.04	2.26E-06
12.052	2.31E-06
12.064	2.31E-06
12.076	2.26E-06
12.087	2.17E-06
12.099	2.04E-06
12.111	1.90E-06
12.123	1.77E-06
12.135	1.65E-06
12.147	1.57E-06
12.159	1.56E-06
12.171	1.61E-06
12.183	1.76E-06
12.195	2.00E-06
12.207	2.34E-06
12.218	2.76E-06
12.23	3.26E-06
12.242	3.82E-06
12.254	4.41E-06
12.266	5.00E-06
12.278	5.57E-06
12.29	6.08E-06
12.302	6.50E-06
12.314	6.81E-06
12.326	6.99E-06
12.338	7.02E-06
12.349	6.91E-06
12.361	6.65E-06
12.373	6.27E-06
12.385	5.78E-06
12.397	5.22E-06
12.409	4.61E-06
12.421	4.01E-06
12.433	3.44E-06
12.445	2.95E-06
12.457	2.56E-06
12.469	2.31E-06
12.48	2.21E-06
12.492	2.27E-06
12.504	2.48E-06
12.516	2.83E-06
12.528	3.29E-06
12.54	3.83E-06
12.552	4.42E-06
12.564	5.01E-06
12.576	5.56E-06
12.588	6.03E-06
12.6	6.38E-06
12.611	6.59E-06
12.623	6.65E-06
12.635	6.55E-06
12.647	6.31E-06
12.659	5.93E-06
12.671	5.46E-06
12.683	4.94E-06
12.695	4.42E-06
12.707	3.94E-06
12.719	3.56E-06
12.731	3.33E-06
12.742	3.27E-06
12.754	3.44E-06
12.766	3.83E-06
12.778	4.45E-06
12.79	5.30E-06
12.802	6.34E-06
12.814	7.55E-06
12.826	8.87E-06
12.838	1.03E-05
12.85	1.17E-05
12.862	1.31E-05
12.873	1.44E-05
12.885	1.56E-05
12.897	1.67E-05
12.909	1.77E-05
12.921	1.86E-05
12.933	1.94E-05
12.945	2.01E-05
12.957	2.09E-05
12.969	2.17E-05
12.981	2.27E-05
12.993	2.39E-05
13.004	2.53E-05
13.016	2.70E-05
13.028	2.89E-05
13.04	3.12E-05
13.052	3.36E-05
13.064	3.62E-05
13.076	3.89E-05
13.088	4.15E-05
13.1	4.40E-05
13.112	4.62E-05
13.124	4.80E-05
13.135	4.93E-05
13.147	4.99E-05
13.159	4.99E-05
13.171	4.91E-05
13.183	4.76E-05
13.195	4.54E-05
13.207	4.26E-05
13.219	3.93E-05
13.231	3.58E-05
13.243	3.21E-05
13.255	2.86E-05
13.266	2.54E-05
13.278	2.28E-05
13.29	2.09E-05
13.302	2.00E-05
13.314	2.01E-05
13.326	2.14E-05
13.338	2.39E-05
13.35	2.74E-05
13.362	3.21E-05
13.374	3.75E-05
13.386	4.37E-05
13.397	5.04E-05
13.409	5.72E-05
13.421	6.40E-05
13.433	7.06E-05
13.445	7.67E-05
13.457	8.23E-05
13.469	8.73E-05
13.481	9.18E-05
13.493	9.59E-05
13.505	9.99E-05
13.517	1.04E-04
13.528	1.09E-04
13.54	1.15E-04
13.552	1.23E-04
13.564	1.34E-04
13.576	1.47E-04
13.588	1.65E-04
13.6	1.86E-04
13.612	2.12E-04
13.624	2.43E-04
13.636	2.80E-04
13.647	3.21E-04
13.659	3.67E-04
13.671	4.18E-04
13.683	4.72E-04
13.695	5.29E-04
13.707	5.88E-04
13.719	6.49E-04
13.731	7.08E-04
13.743	7.66E-04
13.755	8.21E-04
13.767	8.72E-04
13.778	9.17E-04
13.79	9.56E-04
13.802	9.87E-04
13.814	1.01E-03
13.826	1.02E-03
13.838	1.03E-03
13.85	1.02E-03
13.862	1.01E-03
13.874	9.87E-04
13.886	9.56E-04
13.898	9.18E-04
13.909	8.74E-04
13.921	8.24E-04
13.933	7.69E-04
13.945	7.12E-04
13.957	6.53E-04
13.969	5.94E-04
13.981	5.36E-04
13.993	4.79E-04
14.005	4.26E-04
14.017	3.76E-04
14.029	3.30E-04
14.04	2.88E-04
14.052	2.51E-04
14.064	2.19E-04
14.076	1.91E-04
14.088	1.68E-04
14.1	1.48E-04
14.112	1.33E-04
14.124	1.20E-04
14.136	1.09E-04
14.148	1.01E-04
14.16	9.39E-05
14.171	8.81E-05
14.183	8.28E-05
14.195	7.80E-05
14.207	7.32E-05
14.219	6.83E-05
14.231	6.33E-05
14.243	5.80E-05
14.255	5.26E-05
14.267	4.72E-05
14.279	4.17E-05
14.291	3.65E-05
14.302	3.15E-05
14.314	2.69E-05
14.326	2.29E-05
14.338	1.95E-05
14.35	1.68E-05
14.362	1.47E-05
14.374	1.34E-05
14.386	1.28E-05
14.398	1.27E-05
14.41	1.32E-05
14.422	1.40E-05
14.433	1.52E-05
14.445	1.65E-05
14.457	1.79E-05
14.469	1.92E-05
14.481	2.04E-05
14.493	2.13E-05
14.505	2.20E-05
14.517	2.24E-05
14.529	2.25E-05
14.541	2.22E-05
14.553	2.17E-05
14.564	2.09E-05
14.576	1.99E-05
14.588	1.88E-05
14.6	1.76E-05
14.612	1.64E-05
14.624	1.52E-05
14.636	1.40E-05
14.648	1.29E-05
14.66	1.18E-05
14.672	1.09E-05
14.684	1.01E-05
14.695	9.42E-06
14.707	8.81E-06
14.719	8.27E-06
14.731	7.79E-06
14.743	7.35E-06
14.755	6.93E-06
14.767	6.51E-06
14.779	6.09E-06
14.791	5.66E-06
14.803	5.21E-06
14.815	4.74E-06
14.826	4.27E-06
14.838	3.80E-06
14.85	3.34E-06
14.862	2.90E-06
14.874	2.49E-06
14.886	2.13E-06
14.898	1.81E-06
14.91	1.54E-06
14.922	1.33E-06
14.934	1.17E-06
14.946	1.06E-06
14.957	9.91E-07
14.969	9.60E-07
14.981	9.55E-07
14.993	9.67E-07
15.005	9.85E-07
15.017	1.00E-06
15.029	1.01E-06
15.041	1.00E-06
15.053	9.81E-07
15.065	9.39E-07
15.077	8.81E-07
15.088	8.08E-07
15.1	7.24E-07
15.112	6.35E-07
15.124	5.46E-07
15.136	4.62E-07
15.148	3.87E-07
15.16	3.26E-07
15.172	2.80E-07
15.184	2.52E-07
15.196	2.41E-07
15.208	2.46E-07
15.219	2.64E-07
15.231	2.92E-07
15.243	3.25E-07
15.255	3.60E-07
15.267	3.93E-07
15.279	4.19E-07
15.291	4.37E-07
15.303	4.45E-07
15.315	4.41E-07
15.327	4.26E-07
15.339	4.01E-07
15.35	3.67E-07
15.362	3.28E-07
15.374	2.86E-07
15.386	2.44E-07
15.398	2.04E-07
15.41	1.70E-07
15.422	1.43E-07
15.434	1.24E-07
15.446	1.14E-07
15.458	1.13E-07
15.47	1.19E-07
15.481	1.32E-07
15.493	1.50E-07
15.505	1.70E-07
15.517	1.90E-07
15.529	2.08E-07
15.541	2.23E-07
15.553	2.32E-07
15.565	2.36E-07
15.577	2.34E-07
15.589	2.26E-07
15.601	2.13E-07
15.612	1.95E-07
15.624	1.75E-07
15.636	1.53E-07
15.648	1.31E-07
15.66	1.10E-07
15.672	9.16E-08
15.684	7.64E-08
15.696	6.50E-08
15.708	5.74E-08
15.72	5.35E-08
15.732	5.28E-08
15.743	5.47E-08
15.755	5.82E-08
15.767	6.25E-08
15.779	6.67E-08
15.791	7.00E-08
15.803	7.20E-08
15.815	7.22E-08
15.827	7.05E-08
15.839	6.70E-08
15.851	6.19E-08
15.863	5.58E-08
15.874	4.91E-08
15.886	4.24E-08
15.898	3.61E-08
15.91	3.08E-08
15.922	2.67E-08
15.934	2.40E-08
15.946	2.27E-08
15.958	2.27E-08
15.97	2.37E-08
15.982	2.55E-08
15.994	2.76E-08
16.005	2.98E-08
16.017	3.18E-08
16.029	3.34E-08
16.041	3.46E-08
16.053	3.55E-08
16.065	3.63E-08
16.077	3.73E-08
16.089	3.88E-08
16.101	4.13E-08
16.113	4.52E-08
16.125	5.08E-08
16.136	5.81E-08
16.148	6.75E-08
16.16	7.86E-08
16.172	9.15E-08
16.184	1.06E-07
16.196	1.21E-07
16.208	1.37E-07
16.22	1.54E-07
16.232	1.71E-07
16.244	1.88E-07
16.256	2.06E-07
16.267	2.24E-07
16.279	2.43E-07
16.291	2.64E-07
16.303	2.88E-07
16.315	3.15E-07
16.327	3.46E-07
16.339	3.81E-07
16.351	4.20E-07
16.363	4.63E-07
16.375	5.09E-07
16.387	5.58E-07
16.398	6.06E-07
16.41	6.52E-07
16.422	6.94E-07
16.434	7.30E-07
16.446	7.56E-07
16.458	7.72E-07
16.47	7.75E-07
16.482	7.65E-07
16.494	7.43E-07
16.506	7.09E-07
16.518	6.65E-07
16.529	6.17E-07
16.541	5.67E-07
16.553	5.22E-07
16.565	4.87E-07
16.577	4.69E-07
16.589	4.74E-07
16.601	5.08E-07
16.613	5.74E-07
16.625	6.78E-07
16.637	8.20E-07
16.649	1.00E-06
16.66	1.22E-06
16.672	1.48E-06
16.684	1.76E-06
16.696	2.08E-06
16.708	2.41E-06
16.72	2.77E-06
16.732	3.14E-06
16.744	3.53E-06
16.756	3.93E-06
16.768	4.36E-06
16.78	4.81E-06
16.791	5.31E-06
16.803	5.87E-06
16.815	6.52E-06
16.827	7.27E-06
16.839	8.16E-06
16.851	9.21E-06
16.863	1.05E-05
16.875	1.19E-05
16.887	1.36E-05
16.899	1.56E-05
16.911	1.79E-05
16.922	2.04E-05
16.934	2.32E-05
16.946	2.63E-05
16.958	2.95E-05
16.97	3.30E-05
16.982	3.67E-05
16.994	4.04E-05
17.006	4.41E-05
17.018	4.77E-05
17.03	5.13E-05
17.042	5.45E-05
17.053	5.75E-05
17.065	6.01E-05
17.077	6.21E-05
17.089	6.37E-05
17.101	6.47E-05
17.113	6.51E-05
17.125	6.49E-05
17.137	6.41E-05
17.149	6.27E-05
17.161	6.07E-05
17.173	5.82E-05
17.184	5.53E-05
17.196	5.20E-05
17.208	4.85E-05
17.22	4.47E-05
17.232	4.09E-05
17.244	3.70E-05
17.256	3.32E-05
17.268	2.96E-05
17.28	2.61E-05
17.292	2.29E-05
17.304	2.00E-05
17.315	1.75E-05
17.327	1.52E-05
17.339	1.33E-05
17.351	1.18E-05
17.363	1.06E-05
17.375	9.59E-06
17.387	8.86E-06
17.399	8.33E-06
17.411	7.96E-06
17.423	7.69E-06
17.435	7.48E-06
17.446	7.30E-06
17.458	7.12E-06
17.47	6.90E-06
17.482	6.65E-06
17.494	6.33E-06
17.506	5.96E-06
17.518	5.54E-06
17.53	5.07E-06
17.542	4.57E-06
17.554	4.06E-06
17.565	3.56E-06
17.577	3.08E-06
17.589	2.64E-06
17.601	2.26E-06
17.613	1.95E-06
17.625	1.72E-06
17.637	1.57E-06
17.649	1.49E-06
17.661	1.49E-06
17.673	1.56E-06
17.685	1.68E-06
17.696	1.84E-06
17.708	2.03E-06
17.72	2.22E-06
17.732	2.42E-06
17.744	2.60E-06
17.756	2.75E-06
17.768	2.87E-06
17.78	2.95E-06
17.792	2.98E-06
17.804	2.97E-06
17.816	2.92E-06
17.827	2.84E-06
17.839	2.73E-06
17.851	2.59E-06
17.863	2.44E-06
17.875	2.28E-06
17.887	2.12E-06
17.899	1.96E-06
17.911	1.82E-06
17.923	1.69E-06
17.935	1.58E-06
17.947	1.48E-06
17.958	1.39E-06
17.97	1.32E-06
17.982	1.26E-06
17.994	1.20E-06
18.006	1.15E-06
18.018	1.10E-06
18.03	1.04E-06
18.042	9.80E-07
18.054	9.14E-07
18.066	8.43E-07
18.078	7.67E-07
18.089	6.89E-07
18.101	6.09E-07
18.113	5.32E-07
18.125	4.59E-07
18.137	3.93E-07
18.149	3.36E-07
18.161	2.91E-07
18.173	2.57E-07
18.185	2.36E-07
18.197	2.26E-07
18.209	2.27E-07
18.22	2.36E-07
18.232	2.52E-07
18.244	2.70E-07
18.256	2.89E-07
18.268	3.06E-07
18.28	3.19E-07
18.292	3.27E-07
18.304	3.26E-07
18.316	3.19E-07
18.328	3.04E-07
18.34	2.82E-07
18.351	2.56E-07
18.363	2.26E-07
18.375	1.96E-07
18.387	1.67E-07
18.399	1.42E-07
18.411	1.22E-07
18.423	1.10E-07
18.435	1.05E-07
18.447	1.09E-07
18.459	1.20E-07
18.471	1.38E-07
18.482	1.62E-07
18.494	1.88E-07
18.506	2.16E-07
18.518	2.43E-07
18.53	2.66E-07
18.542	2.84E-07
18.554	2.96E-07
18.566	3.00E-07
18.578	2.97E-07
18.59	2.85E-07
18.602	2.68E-07
18.613	2.45E-07
18.625	2.19E-07
18.637	1.93E-07
18.649	1.68E-07
18.661	1.47E-07
18.673	1.32E-07
18.685	1.24E-07
18.697	1.26E-07
18.709	1.36E-07
18.721	1.56E-07
18.733	1.84E-07
18.744	2.18E-07
18.756	2.57E-07
18.768	2.99E-07
18.78	3.40E-07
18.792	3.78E-07
18.804	4.11E-07
18.816	4.37E-07
18.828	4.53E-07
18.84	4.59E-07
18.852	4.54E-07
18.864	4.39E-07
18.875	4.14E-07
18.887	3.82E-07
18.899	3.44E-07
18.911	3.02E-07
18.923	2.60E-07
18.935	2.20E-07
18.947	1.84E-07
18.959	1.55E-07
18.971	1.34E-07
18.983	1.22E-07
18.995	1.20E-07
19.006	1.27E-07
19.018	1.42E-07
19.03	1.63E-07
19.042	1.89E-07
19.054	2.18E-07
19.066	2.46E-07
19.078	2.72E-07
19.09	2.93E-07
19.102	3.08E-07
19.114	3.16E-07
19.126	3.16E-07
19.137	3.07E-07
19.149	2.91E-07
19.161	2.69E-07
19.173	2.43E-07
19.185	2.14E-07
19.197	1.85E-07
19.209	1.59E-07
19.221	1.36E-07
19.233	1.20E-07
19.245	1.12E-07
19.257	1.12E-07
19.268	1.22E-07
19.28	1.40E-07
19.292	1.65E-07
19.304	1.98E-07
19.316	2.35E-07
19.328	2.74E-07
19.34	3.15E-07
19.352	3.54E-07
19.364	3.91E-07
19.376	4.23E-07
19.388	4.49E-07
19.399	4.70E-07
19.411	4.84E-07
19.423	4.94E-07
19.435	5.00E-07
19.447	5.04E-07
19.459	5.07E-07
19.471	5.12E-07
19.483	5.20E-07
19.495	5.34E-07
19.507	5.53E-07
19.519	5.79E-07
19.53	6.13E-07
19.542	6.52E-07
19.554	6.97E-07
19.566	7.45E-07
19.578	7.93E-07
19.59	8.40E-07
19.602	8.82E-07
19.614	9.17E-07
19.626	9.41E-07
19.638	9.53E-07
19.65	9.51E-07
19.661	9.35E-07
19.673	9.03E-07
19.685	8.58E-07
19.697	8.01E-07
19.709	7.34E-07
19.721	6.62E-07
19.733	5.88E-07
19.745	5.16E-07
19.757	4.50E-07
19.769	3.93E-07
19.781	3.50E-07
19.792	3.23E-07
19.804	3.13E-07
19.816	3.22E-07
19.828	3.48E-07
19.84	3.91E-07
19.852	4.48E-07
19.864	5.17E-07
19.876	5.92E-07
19.888	6.71E-07
19.9	7.47E-07
19.912	8.19E-07
19.923	8.81E-07
19.935	9.30E-07
19.947	9.65E-07
19.959	9.85E-07
19.971	9.90E-07
19.983	9.81E-07
19.995	9.63E-07
20.007	9.39E-07
20.019	9.13E-07
20.031	8.93E-07
20.043	8.83E-07
20.054	8.90E-07
20.066	9.20E-07
20.078	9.78E-07
20.09	1.07E-06
20.102	1.19E-06
20.114	1.36E-06
20.126	1.55E-06
20.138	1.79E-06
20.15	2.06E-06
20.162	2.35E-06
20.174	2.67E-06
20.185	3.00E-06
20.197	3.34E-06
20.209	3.67E-06
20.221	3.99E-06
20.233	4.30E-06
20.245	4.58E-06
20.257	4.82E-06
20.269	5.02E-06
20.281	5.18E-06
20.293	5.29E-06
20.305	5.35E-06
20.316	5.37E-06
20.328	5.33E-06
20.34	5.25E-06
20.352	5.13E-06
20.364	4.97E-06
20.376	4.78E-06
20.388	4.56E-06
20.4	4.31E-06
20.412	4.05E-06
20.424	3.78E-06
20.436	3.51E-06
20.447	3.23E-06
20.459	2.95E-06
20.471	2.68E-06
20.483	2.43E-06
20.495	2.18E-06
20.507	1.95E-06
20.519	1.73E-06
20.531	1.53E-06
20.543	1.35E-06
20.555	1.18E-06
20.567	1.03E-06
20.578	8.98E-07
20.59	7.80E-07
20.602	6.76E-07
20.614	5.86E-07
20.626	5.09E-07
20.638	4.43E-07
20.65	3.87E-07
20.662	3.42E-07
20.674	3.04E-07
20.686	2.74E-07
20.698	2.49E-07
20.709	2.30E-07
20.721	2.14E-07
20.733	2.01E-07
20.745	1.89E-07
20.757	1.79E-07
20.769	1.69E-07
20.781	1.59E-07
20.793	1.48E-07
20.805	1.38E-07
20.817	1.27E-07
20.829	1.16E-07
20.84	1.06E-07
20.852	9.69E-08
20.864	8.96E-08
20.876	8.47E-08
20.888	8.27E-08
20.9	8.40E-08
20.912	8.89E-08
20.924	9.76E-08
20.936	1.10E-07
20.948	1.26E-07
20.96	1.45E-07
20.971	1.66E-07
20.983	1.89E-07
20.995	2.13E-07
21.007	2.37E-07
21.019	2.59E-07
21.031	2.80E-07
21.043	2.98E-07
21.055	3.13E-07
21.067	3.24E-07
21.079	3.32E-07
21.091	3.35E-07
21.102	3.34E-07
21.114	3.30E-07
21.126	3.22E-07
21.138	3.12E-07
21.15	3.00E-07
21.162	2.85E-07
21.174	2.70E-07
21.186	2.54E-07
21.198	2.38E-07
21.21	2.22E-07
21.222	2.06E-07
21.233	1.91E-07
21.245	1.77E-07
21.257	1.63E-07
21.269	1.50E-07
21.281	1.37E-07
21.293	1.25E-07
21.305	1.14E-07
21.317	1.03E-07
21.329	9.29E-08
21.341	8.37E-08
21.353	7.54E-08
21.364	6.84E-08
21.376	6.29E-08
21.388	5.89E-08
21.4	5.68E-08
21.412	5.64E-08
21.424	5.80E-08
21.436	6.12E-08
21.448	6.58E-08
21.46	7.16E-08
21.472	7.81E-08
21.483	8.47E-08
21.495	9.10E-08
21.507	9.64E-08
21.519	1.00E-07
21.531	1.03E-07
21.543	1.03E-07
21.555	1.01E-07
21.567	9.63E-08
21.579	9.02E-08
21.591	8.27E-08
21.603	7.42E-08
21.614	6.55E-08
21.626	5.72E-08
21.638	5.02E-08
21.65	4.51E-08
21.662	4.26E-08
21.674	4.30E-08
21.686	4.66E-08
21.698	5.35E-08
21.71	6.34E-08
21.722	7.58E-08
21.734	9.02E-08
21.745	1.06E-07
21.757	1.21E-07
21.769	1.35E-07
21.781	1.48E-07
21.793	1.58E-07
21.805	1.64E-07
21.817	1.67E-07
21.829	1.66E-07
21.841	1.61E-07
21.853	1.52E-07
21.865	1.42E-07
21.876	1.30E-07
21.888	1.18E-07
21.9	1.07E-07
21.912	9.84E-08
21.924	9.40E-08
21.936	9.44E-08
21.948	1.00E-07
21.96	1.12E-07
21.972	1.31E-07
21.984	1.54E-07
21.996	1.83E-07
22.007	2.15E-07
22.019	2.48E-07
22.031	2.82E-07
22.043	3.15E-07
22.055	3.43E-07
22.067	3.67E-07
22.079	3.83E-07
22.091	3.92E-07
22.103	3.92E-07
22.115	3.83E-07
22.127	3.67E-07
22.138	3.43E-07
22.15	3.14E-07
22.162	2.81E-07
22.174	2.46E-07
22.186	2.11E-07
22.198	1.79E-07
22.21	1.52E-07
22.222	1.31E-07
22.234	1.18E-07
22.246	1.12E-07
22.258	1.16E-07
22.269	1.27E-07
22.281	1.46E-07
22.293	1.70E-07
22.305	1.98E-07
22.317	2.28E-07
22.329	2.57E-07
22.341	2.84E-07
22.353	3.05E-07
22.365	3.20E-07
22.377	3.28E-07
22.389	3.27E-07
22.4	3.19E-07
22.412	3.03E-07
22.424	2.81E-07
22.436	2.55E-07
22.448	2.27E-07
22.46	2.00E-07
22.472	1.75E-07
22.484	1.55E-07
22.496	1.43E-07
22.508	1.39E-07
22.52	1.46E-07
22.531	1.63E-07
22.543	1.90E-07
22.555	2.27E-07
22.567	2.72E-07
22.579	3.22E-07
22.591	3.76E-07
22.603	4.32E-07
22.615	4.87E-07
22.627	5.38E-07
22.639	5.85E-07
22.651	6.26E-07
22.662	6.60E-07
22.674	6.88E-07
22.686	7.11E-07
22.698	7.30E-07
22.71	7.46E-07
22.722	7.63E-07
22.734	7.82E-07
22.746	8.06E-07
22.758	8.36E-07
22.77	8.75E-07
22.782	9.23E-07
22.793	9.80E-07
22.805	1.05E-06
22.817	1.12E-06
22.829	1.19E-06
22.841	1.27E-06
22.853	1.34E-06
22.865	1.40E-06
22.877	1.45E-06
22.889	1.48E-06
22.901	1.50E-06
22.913	1.49E-06
22.924	1.47E-06
22.936	1.42E-06
22.948	1.35E-06
22.96	1.26E-06
22.972	1.15E-06
22.984	1.04E-06
22.996	9.28E-07
23.008	8.17E-07
23.02	7.17E-07
23.032	6.33E-07
23.044	5.71E-07
23.055	5.35E-07
23.067	5.29E-07
23.079	5.54E-07
23.091	6.10E-07
23.103	6.94E-07
23.115	8.03E-07
23.127	9.32E-07
23.139	1.07E-06
23.151	1.22E-06
23.163	1.36E-06
23.175	1.50E-06
23.186	1.62E-06
23.198	1.72E-06
23.21	1.79E-06
23.222	1.84E-06
23.234	1.87E-06
23.246	1.87E-06
23.258	1.85E-06
23.27	1.83E-06
23.282	1.80E-06
23.294	1.79E-06
23.306	1.80E-06
23.317	1.85E-06
23.329	1.95E-06
23.341	2.10E-06
23.353	2.32E-06
23.365	2.62E-06
23.377	2.98E-06
23.389	3.43E-06
23.401	3.95E-06
23.413	4.53E-06
23.425	5.17E-06
23.437	5.86E-06
23.448	6.57E-06
23.46	7.30E-06
23.472	8.02E-06
23.484	8.71E-06
23.496	9.36E-06
23.508	9.95E-06
23.52	1.05E-05
23.532	1.09E-05
23.544	1.12E-05
23.556	1.14E-05
23.568	1.15E-05
23.579	1.15E-05
23.591	1.14E-05
23.603	1.12E-05
23.615	1.08E-05
23.627	1.04E-05
23.639	9.95E-06
23.651	9.41E-06
23.663	8.83E-06
23.675	8.22E-06
23.687	7.60E-06
23.699	6.98E-06
23.71	6.36E-06
23.722	5.77E-06
23.734	5.20E-06
23.746	4.66E-06
23.758	4.17E-06
23.77	3.71E-06
23.782	3.29E-06
23.794	2.91E-06
23.806	2.56E-06
23.818	2.25E-06
23.83	1.98E-06
23.841	1.73E-06
23.853	1.51E-06
23.865	1.31E-06
23.877	1.14E-06
23.889	9.79E-07
23.901	8.40E-07
23.913	7.17E-07
23.925	6.08E-07
23.937	5.13E-07
23.949	4.32E-07
23.961	3.62E-07
23.972	3.04E-07
23.984	2.56E-07
23.996	2.18E-07
24.008	1.89E-07
24.02	1.67E-07
24.032	1.51E-07
24.044	1.41E-07
24.056	1.34E-07
24.068	1.30E-07
24.08	1.28E-07
24.092	1.27E-07
24.103	1.26E-07
24.115	1.26E-07
24.127	1.26E-07
24.139	1.27E-07
24.151	1.29E-07
24.163	1.33E-07
24.175	1.38E-07
24.187	1.47E-07
24.199	1.59E-07
24.211	1.75E-07
24.223	1.96E-07
24.234	2.20E-07
24.246	2.48E-07
24.258	2.80E-07
24.27	3.14E-07
24.282	3.49E-07
24.294	3.85E-07
24.306	4.19E-07
24.318	4.51E-07
24.33	4.80E-07
24.342	5.04E-07
24.354	5.22E-07
24.365	5.34E-07
24.377	5.39E-07
24.389	5.37E-07
24.401	5.29E-07
24.413	5.14E-07
24.425	4.94E-07
24.437	4.68E-07
24.449	4.40E-07
24.461	4.08E-07
24.473	3.75E-07
24.485	3.42E-07
24.496	3.09E-07
24.508	2.77E-07
24.52	2.47E-07
24.532	2.20E-07
24.544	1.95E-07
24.556	1.74E-07
24.568	1.56E-07
24.58	1.41E-07
24.592	1.30E-07
24.604	1.21E-07
24.616	1.16E-07
24.627	1.14E-07
24.639	1.13E-07
24.651	1.15E-07
24.663	1.19E-07
24.675	1.24E-07
24.687	1.31E-07
24.699	1.38E-07
24.711	1.45E-07
24.723	1.52E-07
24.735	1.58E-07
24.747	1.63E-07
24.758	1.67E-07
24.77	1.68E-07
24.782	1.67E-07
24.794	1.64E-07
24.806	1.58E-07
24.818	1.50E-07
24.83	1.40E-07
24.842	1.28E-07
24.854	1.15E-07
24.866	1.02E-07
24.878	9.05E-08
24.889	8.01E-08
24.901	7.23E-08
24.913	6.77E-08
24.925	6.69E-08
24.937	7.02E-08
24.949	7.79E-08
24.961	8.96E-08
24.973	1.05E-07
24.985	1.23E-07
24.997	1.43E-07
25.009	1.64E-07
25.02	1.84E-07
25.032	2.03E-07
25.044	2.18E-07
25.056	2.29E-07
25.068	2.36E-07
25.08	2.37E-07
25.092	2.33E-07
25.104	2.24E-07
25.116	2.12E-07
25.128	1.96E-07
25.14	1.80E-07
25.151	1.64E-07
25.163	1.50E-07
25.175	1.41E-07
25.187	1.38E-07
25.199	1.42E-07
25.211	1.55E-07
25.223	1.76E-07
25.235	2.06E-07
25.247	2.43E-07
25.259	2.87E-07
25.271	3.35E-07
25.282	3.86E-07
25.294	4.36E-07
25.306	4.83E-07
25.318	5.24E-07
25.33	5.57E-07
25.342	5.80E-07
25.354	5.91E-07
25.366	5.89E-07
25.378	5.75E-07
25.39	5.48E-07
25.401	5.12E-07
25.413	4.67E-07
25.425	4.17E-07
25.437	3.64E-07
25.449	3.13E-07
25.461	2.65E-07
25.473	2.25E-07
25.485	1.95E-07
25.497	1.77E-07
25.509	1.70E-07
25.521	1.77E-07
25.532	1.96E-07
25.544	2.25E-07
25.556	2.62E-07
25.568	3.05E-07
25.58	3.50E-07
25.592	3.94E-07
25.604	4.33E-07
25.616	4.65E-07
25.628	4.86E-07
25.64	4.97E-07
25.652	4.95E-07
25.663	4.81E-07
25.675	4.56E-07
25.687	4.22E-07
25.699	3.82E-07
25.711	3.40E-07
25.723	2.99E-07
25.735	2.63E-07
25.747	2.35E-07
25.759	2.20E-07
25.771	2.18E-07
25.783	2.32E-07
25.794	2.62E-07
25.806	3.08E-07
25.818	3.68E-07
25.83	4.40E-07
25.842	5.22E-07
25.854	6.09E-07
25.866	6.98E-07
25.878	7.85E-07
25.89	8.68E-07
25.902	9.43E-07
25.914	1.01E-06
25.925	1.07E-06
25.937	1.11E-06
25.949	1.15E-06
25.961	1.18E-06
25.973	1.22E-06
25.985	1.25E-06
25.997	1.28E-06
26.009	1.33E-06
26.021	1.39E-06
26.033	1.46E-06
26.045	1.54E-06
26.056	1.64E-06
26.068	1.76E-06
26.08	1.88E-06
26.092	2.00E-06
26.104	2.13E-06
26.116	2.25E-06
26.128	2.35E-06
26.14	2.43E-06
26.152	2.49E-06
26.164	2.51E-06
26.176	2.50E-06
26.187	2.44E-06
26.199	2.36E-06
26.211	2.23E-06
26.223	2.08E-06
26.235	1.91E-06
26.247	1.72E-06
26.259	1.53E-06
26.271	1.35E-06
26.283	1.18E-06
26.295	1.05E-06
26.307	9.54E-07
26.318	9.06E-07
26.33	9.08E-07
26.342	9.64E-07
26.354	1.07E-06
26.366	1.23E-06
26.378	1.43E-06
26.39	1.66E-06
26.402	1.92E-06
26.414	2.18E-06
26.426	2.44E-06
26.438	2.68E-06
26.449	2.90E-06
26.461	3.08E-06
26.473	3.22E-06
26.485	3.32E-06
26.497	3.38E-06
26.509	3.40E-06
26.521	3.40E-06
26.533	3.39E-06
26.545	3.39E-06
26.557	3.42E-06
26.569	3.50E-06
26.58	3.65E-06
26.592	3.90E-06
26.604	4.26E-06
26.616	4.75E-06
26.628	5.38E-06
26.64	6.16E-06
26.652	7.09E-06
26.664	8.15E-06
26.676	9.35E-06
26.688	1.07E-05
26.7	1.21E-05
26.711	1.35E-05
26.723	1.50E-05
26.735	1.64E-05
26.747	1.79E-05
26.759	1.92E-05
26.771	2.04E-05
26.783	2.15E-05
26.795	2.23E-05
26.807	2.30E-05
26.819	2.35E-05
26.831	2.37E-05
26.842	2.37E-05
26.854	2.35E-05
26.866	2.31E-05
26.878	2.25E-05
26.89	2.17E-05
26.902	2.07E-05
26.914	1.97E-05
26.926	1.85E-05
26.938	1.73E-05
26.95	1.60E-05
26.962	1.47E-05
26.973	1.34E-05
26.985	1.21E-05
26.997	1.09E-05
27.009	9.76E-06
27.021	8.69E-06
27.033	7.71E-06
27.045	6.80E-06
27.057	5.99E-06
27.069	5.26E-06
27.081	4.61E-06
27.093	4.03E-06
27.104	3.52E-06
27.116	3.07E-06
27.128	2.68E-06
27.14	2.33E-06
27.152	2.02E-06
27.164	1.75E-06
27.176	1.51E-06
27.188	1.29E-06
27.2	1.10E-06
27.212	9.31E-07
27.224	7.83E-07
27.235	6.54E-07
27.247	5.43E-07
27.259	4.50E-07
27.271	3.73E-07
27.283	3.11E-07
27.295	2.63E-07
27.307	2.27E-07
27.319	2.01E-07
27.331	1.84E-07
27.343	1.74E-07
27.355	1.68E-07
27.366	1.66E-07
27.378	1.66E-07
27.39	1.67E-07
27.402	1.68E-07
27.414	1.70E-07
27.426	1.71E-07
27.438	1.73E-07
27.45	1.77E-07
27.462	1.82E-07
27.474	1.89E-07
27.486	2.00E-07
27.497	2.15E-07
27.509	2.34E-07
27.521	2.57E-07
27.533	2.84E-07
27.545	3.15E-07
27.557	3.48E-07
27.569	3.83E-07
27.581	4.17E-07
27.593	4.51E-07
27.605	4.82E-07
27.617	5.10E-07
27.628	5.32E-07
27.64	5.48E-07
27.652	5.57E-07
27.664	5.59E-07
27.676	5.54E-07
27.688	5.41E-07
27.7	5.22E-07
27.712	4.98E-07
27.724	4.68E-07
27.736	4.35E-07
27.748	3.99E-07
27.759	3.63E-07
27.771	3.26E-07
27.783	2.90E-07
27.795	2.57E-07
27.807	2.26E-07
27.819	1.98E-07
27.831	1.75E-07
27.843	1.55E-07
27.855	1.40E-07
27.867	1.28E-07
27.879	1.20E-07
27.89	1.15E-07
27.902	1.12E-07
27.914	1.12E-07
27.926	1.14E-07
27.938	1.17E-07
27.95	1.20E-07
27.962	1.24E-07
27.974	1.28E-07
27.986	1.31E-07
27.998	1.34E-07
28.01	1.35E-07
28.021	1.34E-07
28.033	1.32E-07
28.045	1.29E-07
28.057	1.23E-07
28.069	1.16E-07
28.081	1.08E-07
28.093	9.91E-08
28.105	8.94E-08
28.117	7.98E-08
28.129	7.09E-08
28.141	6.31E-08
28.152	5.71E-08
28.164	5.35E-08
28.176	5.26E-08
28.188	5.49E-08
28.2	6.05E-08
28.212	6.92E-08
28.224	8.09E-08
28.236	9.51E-08
28.248	1.11E-07
28.26	1.28E-07
28.272	1.45E-07
28.283	1.61E-07
28.295	1.75E-07
28.307	1.86E-07
28.319	1.94E-07
28.331	1.98E-07
28.343	1.98E-07
28.355	1.93E-07
28.367	1.85E-07
28.379	1.75E-07
28.391	1.63E-07
28.403	1.51E-07
28.414	1.40E-07
28.426	1.32E-07
28.438	1.29E-07
28.45	1.32E-07
28.462	1.41E-07
28.474	1.59E-07
28.486	1.84E-07
28.498	2.16E-07
28.51	2.55E-07
28.522	2.99E-07
28.534	3.46E-07
28.545	3.94E-07
28.557	4.41E-07
28.569	4.84E-07
28.581	5.20E-07
28.593	5.49E-07
28.605	5.66E-07
28.617	5.73E-07
28.629	5.68E-07
28.641	5.50E-07
28.653	5.23E-07
28.665	4.86E-07
28.676	4.42E-07
28.688	3.93E-07
28.7	3.44E-07
28.712	2.96E-07
28.724	2.53E-07
28.736	2.18E-07
28.748	1.93E-07
28.76	1.79E-07
28.772	1.78E-07
28.784	1.89E-07
28.796	2.12E-07
28.807	2.44E-07
28.819	2.84E-07
28.831	3.28E-07
28.843	3.74E-07
28.855	4.17E-07
28.867	4.55E-07
28.879	4.86E-07
28.891	5.05E-07
28.903	5.13E-07
28.915	5.09E-07
28.927	4.93E-07
28.938	4.66E-07
28.95	4.31E-07
28.962	3.91E-07
28.974	3.50E-07
28.986	3.10E-07
28.998	2.77E-07
29.01	2.53E-07
29.022	2.43E-07
29.034	2.48E-07
29.046	2.70E-07
29.058	3.09E-07
29.069	3.66E-07
29.081	4.38E-07
29.093	5.22E-07
29.105	6.16E-07
29.117	7.16E-07
29.129	8.17E-07
29.141	9.16E-07
29.153	1.01E-06
29.165	1.10E-06
29.177	1.17E-06
29.188	1.24E-06
29.2	1.30E-06
29.212	1.35E-06
29.224	1.40E-06
29.236	1.44E-06
29.248	1.49E-06
29.26	1.55E-06
29.272	1.62E-06
29.284	1.71E-06
29.296	1.81E-06
29.308	1.93E-06
29.319	2.07E-06
29.331	2.22E-06
29.343	2.39E-06
29.355	2.56E-06
29.367	2.74E-06
29.379	2.90E-06
29.391	3.04E-06
29.403	3.16E-06
29.415	3.24E-06
29.427	3.28E-06
29.439	3.28E-06
29.45	3.23E-06
29.462	3.13E-06
29.474	2.98E-06
29.486	2.80E-06
29.498	2.58E-06
29.51	2.34E-06
29.522	2.10E-06
29.534	1.86E-06
29.546	1.65E-06
29.558	1.47E-06
29.57	1.34E-06
29.581	1.26E-06
29.593	1.26E-06
29.605	1.33E-06
29.617	1.47E-06
29.629	1.68E-06
29.641	1.96E-06
29.653	2.28E-06
29.665	2.65E-06
29.677	3.04E-06
29.689	3.44E-06
29.701	3.83E-06
29.712	4.20E-06
29.724	4.54E-06
29.736	4.83E-06
29.748	5.08E-06
29.76	5.28E-06
29.772	5.45E-06
29.784	5.60E-06
29.796	5.75E-06
29.808	5.92E-06
29.82	6.16E-06
29.832	6.48E-06
29.843	6.93E-06
29.855	7.54E-06
29.867	8.35E-06
29.879	9.38E-06
29.891	1.07E-05
29.903	1.22E-05
29.915	1.40E-05
29.927	1.61E-05
29.939	1.84E-05
29.951	2.10E-05
29.963	2.38E-05
29.974	2.67E-05
29.986	2.97E-05
29.998	3.27E-05
30.01	3.57E-05
30.022	3.87E-05
30.034	4.14E-05
30.046	4.39E-05
30.058	4.62E-05
30.07	4.81E-05
30.082	4.95E-05
30.094	5.06E-05
30.105	5.12E-05
30.117	5.13E-05
30.129	5.09E-05
30.141	5.01E-05
30.153	4.88E-05
30.165	4.72E-05
30.177	4.52E-05
30.189	4.29E-05
30.201	4.03E-05
30.213	3.76E-05
30.225	3.48E-05
30.236	3.19E-05
30.248	2.90E-05
30.26	2.62E-05
30.272	2.35E-05
30.284	2.09E-05
30.296	1.85E-05
30.308	1.62E-05
30.32	1.42E-05
30.332	1.24E-05
30.344	1.08E-05
30.356	9.47E-06
30.367	8.28E-06
30.379	7.28E-06
30.391	6.43E-06
30.403	5.71E-06
30.415	5.12E-06
30.427	4.62E-06
30.439	4.19E-06
30.451	3.82E-06
30.463	3.49E-06
30.475	3.19E-06
30.487	2.91E-06
30.498	2.64E-06
30.51	2.39E-06
30.522	2.14E-06
30.534	1.90E-06
30.546	1.67E-06
30.558	1.45E-06
30.57	1.24E-06
30.582	1.06E-06
30.594	8.92E-07
30.606	7.49E-07
30.618	6.29E-07
30.629	5.33E-07
30.641	4.61E-07
30.653	4.09E-07
30.665	3.76E-07
30.677	3.59E-07
30.689	3.54E-07
30.701	3.58E-07
30.713	3.67E-07
30.725	3.78E-07
30.737	3.89E-07
30.749	3.97E-07
30.76	3.99E-07
30.772	3.97E-07
30.784	3.88E-07
30.796	3.73E-07
30.808	3.52E-07
30.82	3.27E-07
30.832	2.99E-07
30.844	2.68E-07
30.856	2.37E-07
30.868	2.07E-07
30.88	1.79E-07
30.891	1.53E-07
30.903	1.31E-07
30.915	1.12E-07
30.927	9.77E-08
30.939	8.66E-08
30.951	7.87E-08
30.963	7.36E-08
30.975	7.05E-08
30.987	6.89E-08
30.999	6.81E-08
31.011	6.76E-08
31.022	6.70E-08
31.034	6.58E-08
31.046	6.40E-08
31.058	6.14E-08
31.07	5.80E-08
31.082	5.41E-08
31.094	4.98E-08
31.106	4.53E-08
31.118	4.10E-08
31.13	3.69E-08
31.142	3.34E-08
31.153	3.05E-08
31.165	2.83E-08
31.177	2.69E-08
31.189	2.61E-08
31.201	2.59E-08
31.213	2.60E-08
31.225	2.65E-08
31.237	2.70E-08
31.249	2.74E-08
31.261	2.76E-08
31.273	2.76E-08
31.284	2.71E-08
31.296	2.63E-08
31.308	2.52E-08
31.32	2.38E-08
31.332	2.22E-08
31.344	2.06E-08
31.356	1.90E-08
31.368	1.75E-08
31.38	1.62E-08
31.392	1.53E-08
31.404	1.46E-08
31.415	1.43E-08
31.427	1.43E-08
31.439	1.45E-08
31.451	1.49E-08
31.463	1.54E-08
31.475	1.59E-08
31.487	1.63E-08
31.499	1.66E-08
31.511	1.67E-08
31.523	1.66E-08
31.535	1.63E-08
31.546	1.57E-08
31.558	1.50E-08
31.57	1.41E-08
31.582	1.32E-08
31.594	1.23E-08
31.606	1.14E-08
31.618	1.08E-08
31.63	1.04E-08
31.642	1.03E-08
31.654	1.05E-08
31.666	1.10E-08
31.677	1.19E-08
31.689	1.31E-08
31.701	1.45E-08
31.713	1.62E-08
31.725	1.81E-08
31.737	2.01E-08
31.749	2.22E-08
31.761	2.43E-08
31.773	2.63E-08
31.785	2.82E-08
31.797	3.00E-08
31.808	3.15E-08
31.82	3.27E-08
31.832	3.37E-08
31.844	3.42E-08
31.856	3.45E-08
31.868	3.43E-08
31.88	3.37E-08
31.892	3.28E-08
31.904	3.15E-08
31.916	2.99E-08
31.928	2.80E-08
31.939	2.60E-08
31.951	2.40E-08
31.963	2.20E-08
31.975	2.01E-08
31.987	1.86E-08
31.999	1.75E-08
32.011	1.69E-08
32.023	1.68E-08
32.035	1.75E-08
32.047	1.87E-08
32.059	2.06E-08
32.07	2.30E-08
32.082	2.59E-08
32.094	2.91E-08
32.106	3.23E-08
32.118	3.55E-08
32.13	3.84E-08
32.142	4.09E-08
32.154	4.27E-08
32.166	4.39E-08
32.178	4.42E-08
32.19	4.38E-08
32.201	4.27E-08
32.213	4.10E-08
32.225	3.90E-08
32.237	3.69E-08
32.249	3.51E-08
32.261	3.39E-08
32.273	3.36E-08
32.285	3.45E-08
32.297	3.69E-08
32.309	4.10E-08
32.321	4.69E-08
32.332	5.46E-08
32.344	6.40E-08
32.356	7.50E-08
32.368	8.73E-08
32.38	1.01E-07
32.392	1.14E-07
32.404	1.29E-07
32.416	1.43E-07
32.428	1.56E-07
32.44	1.69E-07
32.452	1.81E-07
32.463	1.93E-07
32.475	2.04E-07
32.487	2.15E-07
32.499	2.27E-07
32.511	2.39E-07
32.523	2.53E-07
32.535	2.68E-07
32.547	2.86E-07
32.559	3.07E-07
32.571	3.32E-07
32.583	3.59E-07
32.594	3.89E-07
32.606	4.22E-07
32.618	4.57E-07
32.63	4.92E-07
32.642	5.26E-07
32.654	5.59E-07
32.666	5.88E-07
32.678	6.11E-07
32.69	6.29E-07
32.702	6.38E-07
32.714	6.39E-07
32.725	6.30E-07
32.737	6.13E-07
32.749	5.87E-07
32.761	5.53E-07
32.773	5.14E-07
32.785	4.71E-07
32.797	4.26E-07
32.809	3.84E-07
32.821	3.46E-07
32.833	3.15E-07
32.845	2.95E-07
32.856	2.88E-07
32.868	2.95E-07
32.88	3.18E-07
32.892	3.58E-07
32.904	4.15E-07
32.916	4.86E-07
32.928	5.71E-07
32.94	6.68E-07
32.952	7.73E-07
32.964	8.83E-07
32.976	9.96E-07
32.987	1.11E-06
32.999	1.22E-06
33.011	1.33E-06
33.023	1.43E-06
33.035	1.53E-06
33.047	1.63E-06
33.059	1.74E-06
33.071	1.86E-06
33.083	2.00E-06
33.095	2.17E-06
33.106	2.37E-06
33.118	2.63E-06
33.13	2.94E-06
33.142	3.32E-06
33.154	3.78E-06
33.166	4.32E-06
33.178	4.96E-06
33.19	5.69E-06
33.202	6.51E-06
33.214	7.42E-06
33.226	8.41E-06
33.237	9.47E-06
33.249	1.06E-05
33.261	1.17E-05
33.273	1.29E-05
33.285	1.41E-05
33.297	1.52E-05
33.309	1.62E-05
33.321	1.72E-05
33.333	1.81E-05
33.345	1.88E-05
33.357	1.94E-05
33.368	1.99E-05
33.38	2.01E-05
33.392	2.02E-05
33.404	2.01E-05
33.416	1.98E-05
33.428	1.93E-05
33.44	1.87E-05
33.452	1.79E-05
33.464	1.69E-05
33.476	1.59E-05
33.488	1.48E-05
33.499	1.37E-05
33.511	1.25E-05
33.523	1.13E-05
33.535	1.01E-05
33.547	8.99E-06
33.559	7.94E-06
33.571	6.96E-06
33.583	6.08E-06
33.595	5.30E-06
33.607	4.62E-06
33.619	4.05E-06
33.63	3.57E-06
33.642	3.19E-06
33.654	2.89E-06
33.666	2.67E-06
33.678	2.50E-06
33.69	2.38E-06
33.702	2.29E-06
33.714	2.22E-06
33.726	2.17E-06
33.738	2.11E-06
33.75	2.04E-06
33.761	1.97E-06
33.773	1.87E-06
33.785	1.77E-06
33.797	1.64E-06
33.809	1.51E-06
33.821	1.36E-06
33.833	1.21E-06
33.845	1.07E-06
33.857	9.33E-07
33.869	8.10E-07
33.881	7.05E-07
33.892	6.22E-07
33.904	5.63E-07
33.916	5.31E-07
33.928	5.25E-07
33.94	5.43E-07
33.952	5.84E-07
33.964	6.43E-07
33.976	7.18E-07
33.988	8.03E-07
34	8.94E-07
34.012	9.85E-07
34.023	1.07E-06
34.035	1.15E-06
34.047	1.22E-06
34.059	1.28E-06
34.071	1.31E-06
34.083	1.34E-06
34.095	1.34E-06
34.107	1.33E-06
34.119	1.31E-06
34.131	1.27E-06
34.143	1.23E-06
34.154	1.17E-06
34.166	1.11E-06
34.178	1.05E-06
34.19	9.89E-07
34.202	9.26E-07
34.214	8.65E-07
34.226	8.06E-07
34.238	7.50E-07
34.25	6.97E-07
34.262	6.47E-07
34.274	6.00E-07
34.285	5.54E-07
34.297	5.11E-07
34.309	4.68E-07
34.321	4.27E-07
34.333	3.86E-07
34.345	3.47E-07
34.357	3.08E-07
34.369	2.71E-07
34.381	2.35E-07
34.393	2.03E-07
34.405	1.73E-07
34.416	1.48E-07
34.428	1.26E-07
34.44	1.10E-07
34.452	9.79E-08
34.464	9.07E-08
34.476	8.78E-08
34.488	8.87E-08
34.5	9.26E-08
34.512	9.85E-08
34.524	1.06E-07
34.536	1.13E-07
34.547	1.19E-07
34.559	1.24E-07
34.571	1.26E-07
34.583	1.25E-07
34.595	1.22E-07
34.607	1.16E-07
34.619	1.07E-07
34.631	9.64E-08
34.643	8.47E-08
34.655	7.28E-08
34.667	6.15E-08
34.678	5.19E-08
34.69	4.45E-08
34.702	4.02E-08
34.714	3.93E-08
34.726	4.20E-08
34.738	4.82E-08
34.75	5.74E-08
34.762	6.92E-08
34.774	8.26E-08
34.786	9.67E-08
34.798	1.10E-07
34.809	1.23E-07
34.821	1.33E-07
34.833	1.41E-07
34.845	1.44E-07
34.857	1.45E-07
34.869	1.41E-07
34.881	1.34E-07
34.893	1.24E-07
34.905	1.13E-07
34.917	1.01E-07
34.929	8.89E-08
34.94	7.87E-08
34.952	7.11E-08
34.964	6.72E-08
34.976	6.76E-08
34.988	7.28E-08
35	8.30E-08
