 -1.6005E+01  5.9215E-05
 -1.5994E+01  7.2222E-05
 -1.5982E+01  8.9040E-05
 -1.5970E+01  1.0777E-04
 -1.5958E+01  1.2649E-04
 -1.5946E+01  1.4344E-04
 -1.5934E+01  1.5727E-04
 -1.5922E+01  1.6706E-04
 -1.5910E+01  1.7248E-04
 -1.5898E+01  1.7372E-04
 -1.5886E+01  1.7146E-04
 -1.5874E+01  1.6672E-04
 -1.5863E+01  1.6071E-04
 -1.5851E+01  1.5466E-04
 -1.5839E+01  1.4966E-04
 -1.5827E+01  1.4648E-04
 -1.5815E+01  1.4554E-04
 -1.5803E+01  1.4682E-04
 -1.5791E+01  1.4986E-04
 -1.5779E+01  1.5387E-04
 -1.5767E+01  1.5785E-04
 -1.5755E+01  1.6069E-04
 -1.5743E+01  1.6139E-04
 -1.5732E+01  1.5914E-04
 -1.5720E+01  1.5351E-04
 -1.5708E+01  1.4446E-04
 -1.5696E+01  1.3242E-04
 -1.5684E+01  1.1819E-04
 -1.5672E+01  1.0291E-04
 -1.5660E+01  8.7898E-05
 -1.5648E+01  7.4496E-05
 -1.5636E+01  6.3929E-05
 -1.5624E+01  5.7143E-05
 -1.5612E+01  5.4684E-05
 -1.5601E+01  5.6630E-05
 -1.5589E+01  6.2570E-05
 -1.5577E+01  7.1640E-05
 -1.5565E+01  8.2617E-05
 -1.5553E+01  9.4058E-05
 -1.5541E+01  1.0446E-04
 -1.5529E+01  1.1246E-04
 -1.5517E+01  1.1695E-04
 -1.5505E+01  1.1725E-04
 -1.5493E+01  1.1318E-04
 -1.5481E+01  1.0507E-04
 -1.5470E+01  9.3740E-05
 -1.5458E+01  8.0366E-05
 -1.5446E+01  6.6373E-05
 -1.5434E+01  5.3245E-05
 -1.5422E+01  4.2348E-05
 -1.5410E+01  3.4767E-05
 -1.5398E+01  3.1174E-05
 -1.5386E+01  3.1750E-05
 -1.5374E+01  3.6165E-05
 -1.5362E+01  4.3619E-05
 -1.5350E+01  5.2946E-05
 -1.5339E+01  6.2766E-05
 -1.5327E+01  7.1659E-05
 -1.5315E+01  7.8357E-05
 -1.5303E+01  8.1916E-05
 -1.5291E+01  8.1855E-05
 -1.5279E+01  7.8234E-05
 -1.5267E+01  7.1670E-05
 -1.5255E+01  6.3277E-05
 -1.5243E+01  5.4546E-05
 -1.5231E+01  4.7166E-05
 -1.5219E+01  4.2827E-05
 -1.5208E+01  4.3004E-05
 -1.5196E+01  4.8782E-05
 -1.5184E+01  6.0719E-05
 -1.5172E+01  7.8781E-05
 -1.5160E+01  1.0236E-04
 -1.5148E+01  1.3037E-04
 -1.5136E+01  1.6142E-04
 -1.5124E+01  1.9402E-04
 -1.5112E+01  2.2688E-04
 -1.5100E+01  2.5911E-04
 -1.5088E+01  2.9047E-04
 -1.5077E+01  3.2149E-04
 -1.5065E+01  3.5357E-04
 -1.5053E+01  3.8889E-04
 -1.5041E+01  4.3025E-04
 -1.5029E+01  4.8081E-04
 -1.5017E+01  5.4370E-04
 -1.5005E+01  6.2163E-04
 -1.4993E+01  7.1643E-04
 -1.4981E+01  8.2874E-04
 -1.4969E+01  9.5763E-04
 -1.4957E+01  1.1005E-03
 -1.4946E+01  1.2531E-03
 -1.4934E+01  1.4095E-03
 -1.4922E+01  1.5627E-03
 -1.4910E+01  1.7049E-03
 -1.4898E+01  1.8282E-03
 -1.4886E+01  1.9250E-03
 -1.4874E+01  1.9890E-03
 -1.4862E+01  2.0152E-03
 -1.4850E+01  2.0013E-03
 -1.4838E+01  1.9468E-03
 -1.4826E+01  1.8543E-03
 -1.4815E+01  1.7285E-03
 -1.4803E+01  1.5764E-03
 -1.4791E+01  1.4066E-03
 -1.4779E+01  1.2287E-03
 -1.4767E+01  1.0524E-03
 -1.4755E+01  8.8712E-04
 -1.4743E+01  7.4063E-04
 -1.4731E+01  6.1897E-04
 -1.4719E+01  5.2578E-04
 -1.4707E+01  4.6210E-04
 -1.4695E+01  4.2643E-04
 -1.4684E+01  4.1500E-04
 -1.4672E+01  4.2223E-04
 -1.4660E+01  4.4139E-04
 -1.4648E+01  4.6533E-04
 -1.4636E+01  4.8719E-04
 -1.4624E+01  5.0107E-04
 -1.4612E+01  5.0261E-04
 -1.4600E+01  4.8929E-04
 -1.4588E+01  4.6067E-04
 -1.4576E+01  4.1825E-04
 -1.4564E+01  3.6522E-04
 -1.4553E+01  3.0602E-04
 -1.4541E+01  2.4576E-04
 -1.4529E+01  1.8959E-04
 -1.4517E+01  1.4210E-04
 -1.4505E+01  1.0677E-04
 -1.4493E+01  8.5595E-05
 -1.4481E+01  7.8916E-05
 -1.4469E+01  8.5416E-05
 -1.4457E+01  1.0237E-04
 -1.4445E+01  1.2606E-04
 -1.4433E+01  1.5231E-04
 -1.4422E+01  1.7707E-04
 -1.4410E+01  1.9705E-04
 -1.4398E+01  2.1014E-04
 -1.4386E+01  2.1582E-04
 -1.4374E+01  2.1526E-04
 -1.4362E+01  2.1129E-04
 -1.4350E+01  2.0808E-04
 -1.4338E+01  2.1072E-04
 -1.4326E+01  2.2468E-04
 -1.4314E+01  2.5512E-04
 -1.4302E+01  3.0634E-04
 -1.4291E+01  3.8132E-04
 -1.4279E+01  4.8136E-04
 -1.4267E+01  6.0606E-04
 -1.4255E+01  7.5346E-04
 -1.4243E+01  9.2051E-04
 -1.4231E+01  1.1037E-03
 -1.4219E+01  1.2998E-03
 -1.4207E+01  1.5067E-03
 -1.4195E+01  1.7243E-03
 -1.4183E+01  1.9548E-03
 -1.4171E+01  2.2031E-03
 -1.4160E+01  2.4768E-03
 -1.4148E+01  2.7853E-03
 -1.4136E+01  3.1395E-03
 -1.4124E+01  3.5501E-03
 -1.4112E+01  4.0263E-03
 -1.4100E+01  4.5742E-03
 -1.4088E+01  5.1952E-03
 -1.4076E+01  5.8848E-03
 -1.4064E+01  6.6316E-03
 -1.4052E+01  7.4170E-03
 -1.4040E+01  8.2153E-03
 -1.4029E+01  8.9947E-03
 -1.4017E+01  9.7193E-03
 -1.4005E+01  1.0351E-02
 -1.3993E+01  1.0852E-02
 -1.3981E+01  1.1189E-02
 -1.3969E+01  1.1335E-02
 -1.3957E+01  1.1272E-02
 -1.3945E+01  1.0995E-02
 -1.3933E+01  1.0511E-02
 -1.3921E+01  9.8395E-03
 -1.3909E+01  9.0136E-03
 -1.3898E+01  8.0764E-03
 -1.3886E+01  7.0789E-03
 -1.3874E+01  6.0760E-03
 -1.3862E+01  5.1231E-03
 -1.3850E+01  4.2715E-03
 -1.3838E+01  3.5646E-03
 -1.3826E+01  3.0344E-03
 -1.3814E+01  2.6993E-03
 -1.3802E+01  2.5620E-03
 -1.3790E+01  2.6099E-03
 -1.3778E+01  2.8155E-03
 -1.3767E+01  3.1392E-03
 -1.3755E+01  3.5326E-03
 -1.3743E+01  3.9423E-03
 -1.3731E+01  4.3153E-03
 -1.3719E+01  4.6037E-03
 -1.3707E+01  4.7690E-03
 -1.3695E+01  4.7860E-03
 -1.3683E+01  4.6455E-03
 -1.3671E+01  4.3553E-03
 -1.3659E+01  3.9398E-03
 -1.3647E+01  3.4379E-03
 -1.3636E+01  2.8998E-03
 -1.3624E+01  2.3823E-03
 -1.3612E+01  1.9437E-03
 -1.3600E+01  1.6383E-03
 -1.3588E+01  1.5113E-03
 -1.3576E+01  1.5945E-03
 -1.3564E+01  1.9028E-03
 -1.3552E+01  2.4327E-03
 -1.3540E+01  3.1624E-03
 -1.3528E+01  4.0529E-03
 -1.3517E+01  5.0521E-03
 -1.3505E+01  6.0995E-03
 -1.3493E+01  7.1317E-03
 -1.3481E+01  8.0897E-03
 -1.3469E+01  8.9249E-03
 -1.3457E+01  9.6053E-03
 -1.3445E+01  1.0121E-02
 -1.3433E+01  1.0485E-02
 -1.3421E+01  1.0738E-02
 -1.3409E+01  1.0944E-02
 -1.3397E+01  1.1188E-02
 -1.3386E+01  1.1570E-02
 -1.3374E+01  1.2200E-02
 -1.3362E+01  1.3185E-02
 -1.3350E+01  1.4624E-02
 -1.3338E+01  1.6600E-02
 -1.3326E+01  1.9167E-02
 -1.3314E+01  2.2349E-02
 -1.3302E+01  2.6134E-02
 -1.3290E+01  3.0471E-02
 -1.3278E+01  3.5269E-02
 -1.3266E+01  4.0404E-02
 -1.3255E+01  4.5721E-02
 -1.3243E+01  5.1043E-02
 -1.3231E+01  5.6180E-02
 -1.3219E+01  6.0939E-02
 -1.3207E+01  6.5137E-02
 -1.3195E+01  6.8609E-02
 -1.3183E+01  7.1220E-02
 -1.3171E+01  7.2871E-02
 -1.3159E+01  7.3507E-02
 -1.3147E+01  7.3113E-02
 -1.3135E+01  7.1723E-02
 -1.3124E+01  6.9409E-02
 -1.3112E+01  6.6280E-02
 -1.3100E+01  6.2470E-02
 -1.3088E+01  5.8136E-02
 -1.3076E+01  5.3440E-02
 -1.3064E+01  4.8549E-02
 -1.3052E+01  4.3619E-02
 -1.3040E+01  3.8791E-02
 -1.3028E+01  3.4184E-02
 -1.3016E+01  2.9896E-02
 -1.3004E+01  2.5992E-02
 -1.2993E+01  2.2515E-02
 -1.2981E+01  1.9477E-02
 -1.2969E+01  1.6872E-02
 -1.2957E+01  1.4670E-02
 -1.2945E+01  1.2830E-02
 -1.2933E+01  1.1299E-02
 -1.2921E+01  1.0022E-02
 -1.2909E+01  8.9442E-03
 -1.2897E+01  8.0130E-03
 -1.2885E+01  7.1849E-03
 -1.2873E+01  6.4252E-03
 -1.2862E+01  5.7096E-03
 -1.2850E+01  5.0235E-03
 -1.2838E+01  4.3616E-03
 -1.2826E+01  3.7259E-03
 -1.2814E+01  3.1233E-03
 -1.2802E+01  2.5641E-03
 -1.2790E+01  2.0592E-03
 -1.2778E+01  1.6183E-03
 -1.2766E+01  1.2487E-03
 -1.2754E+01  9.5380E-04
 -1.2742E+01  7.3301E-04
 -1.2731E+01  5.8161E-04
 -1.2719E+01  4.9128E-04
 -1.2707E+01  4.5095E-04
 -1.2695E+01  4.4782E-04
 -1.2683E+01  4.6857E-04
 -1.2671E+01  5.0048E-04
 -1.2659E+01  5.3240E-04
 -1.2647E+01  5.5551E-04
 -1.2635E+01  5.6379E-04
 -1.2623E+01  5.5413E-04
 -1.2611E+01  5.2623E-04
 -1.2600E+01  4.8216E-04
 -1.2588E+01  4.2579E-04
 -1.2576E+01  3.6210E-04
 -1.2564E+01  2.9646E-04
 -1.2552E+01  2.3396E-04
 -1.2540E+01  1.7890E-04
 -1.2528E+01  1.3438E-04
 -1.2516E+01  1.0212E-04
 -1.2504E+01  8.2376E-05
 -1.2492E+01  7.4133E-05
 -1.2480E+01  7.5323E-05
 -1.2469E+01  8.3184E-05
 -1.2457E+01  9.4643E-05
 -1.2445E+01  1.0669E-04
 -1.2433E+01  1.1673E-04
 -1.2421E+01  1.2278E-04
 -1.2409E+01  1.2370E-04
 -1.2397E+01  1.1916E-04
 -1.2385E+01  1.0963E-04
 -1.2373E+01  9.6216E-05
 -1.2361E+01  8.0443E-05
 -1.2349E+01  6.4044E-05
 -1.2338E+01  4.8711E-05
 -1.2326E+01  3.5888E-05
 -1.2314E+01  2.6618E-05
 -1.2302E+01  2.1451E-05
 -1.2290E+01  2.0417E-05
 -1.2278E+01  2.3066E-05
 -1.2266E+01  2.8566E-05
 -1.2254E+01  3.5829E-05
 -1.2242E+01  4.3663E-05
 -1.2230E+01  5.0920E-05
 -1.2218E+01  5.6631E-05
 -1.2207E+01  6.0100E-05
 -1.2195E+01  6.0971E-05
 -1.2183E+01  5.9237E-05
 -1.2171E+01  5.5214E-05
 -1.2159E+01  4.9476E-05
 -1.2147E+01  4.2763E-05
 -1.2135E+01  3.5878E-05
 -1.2123E+01  2.9584E-05
 -1.2111E+01  2.4513E-05
 -1.2099E+01  2.1098E-05
 -1.2087E+01  1.9538E-05
 -1.2076E+01  1.9791E-05
 -1.2064E+01  2.1600E-05
 -1.2052E+01  2.4538E-05
 -1.2040E+01  2.8077E-05
 -1.2028E+01  3.1658E-05
 -1.2016E+01  3.4760E-05
 -1.2004E+01  3.6962E-05
 -1.1992E+01  3.7980E-05
 -1.1980E+01  3.7694E-05
 -1.1968E+01  3.6147E-05
 -1.1956E+01  3.3525E-05
 -1.1945E+01  3.0124E-05
 -1.1933E+01  2.6305E-05
 -1.1921E+01  2.2442E-05
 -1.1909E+01  1.8882E-05
 -1.1897E+01  1.5897E-05
 -1.1885E+01  1.3667E-05
 -1.1873E+01  1.2262E-05
 -1.1861E+01  1.1648E-05
 -1.1849E+01  1.1702E-05
 -1.1837E+01  1.2239E-05
 -1.1825E+01  1.3044E-05
 -1.1814E+01  1.3902E-05
 -1.1802E+01  1.4632E-05
 -1.1790E+01  1.5104E-05
 -1.1778E+01  1.5250E-05
 -1.1766E+01  1.5073E-05
 -1.1754E+01  1.4634E-05
 -1.1742E+01  1.4035E-05
 -1.1730E+01  1.3409E-05
 -1.1718E+01  1.2887E-05
 -1.1706E+01  1.2589E-05
 -1.1694E+01  1.2604E-05
 -1.1683E+01  1.2984E-05
 -1.1671E+01  1.3740E-05
 -1.1659E+01  1.4851E-05
 -1.1647E+01  1.6276E-05
 -1.1635E+01  1.7965E-05
 -1.1623E+01  1.9881E-05
 -1.1611E+01  2.2007E-05
 -1.1599E+01  2.4364E-05
 -1.1587E+01  2.7008E-05
 -1.1575E+01  3.0033E-05
 -1.1563E+01  3.3562E-05
 -1.1552E+01  3.7730E-05
 -1.1540E+01  4.2670E-05
 -1.1528E+01  4.8495E-05
 -1.1516E+01  5.5282E-05
 -1.1504E+01  6.3058E-05
 -1.1492E+01  7.1794E-05
 -1.1480E+01  8.1401E-05
 -1.1468E+01  9.1737E-05
 -1.1456E+01  1.0262E-04
 -1.1444E+01  1.1382E-04
 -1.1432E+01  1.2510E-04
 -1.1421E+01  1.3622E-04
 -1.1409E+01  1.4694E-04
 -1.1397E+01  1.5704E-04
 -1.1385E+01  1.6631E-04
 -1.1373E+01  1.7459E-04
 -1.1361E+01  1.8169E-04
 -1.1349E+01  1.8747E-04
 -1.1337E+01  1.9178E-04
 -1.1325E+01  1.9449E-04
 -1.1313E+01  1.9546E-04
 -1.1301E+01  1.9459E-04
 -1.1290E+01  1.9177E-04
 -1.1278E+01  1.8695E-04
 -1.1266E+01  1.8014E-04
 -1.1254E+01  1.7140E-04
 -1.1242E+01  1.6091E-04
 -1.1230E+01  1.4891E-04
 -1.1218E+01  1.3576E-04
 -1.1206E+01  1.2189E-04
 -1.1194E+01  1.0781E-04
 -1.1182E+01  9.4054E-05
 -1.1170E+01  8.1153E-05
 -1.1159E+01  6.9596E-05
 -1.1147E+01  5.9788E-05
 -1.1135E+01  5.2008E-05
 -1.1123E+01  4.6384E-05
 -1.1111E+01  4.2880E-05
 -1.1099E+01  4.1297E-05
 -1.1087E+01  4.1293E-05
 -1.1075E+01  4.2417E-05
 -1.1063E+01  4.4155E-05
 -1.1051E+01  4.5985E-05
 -1.1039E+01  4.7434E-05
 -1.1028E+01  4.8119E-05
 -1.1016E+01  4.7794E-05
 -1.1004E+01  4.6364E-05
 -1.0992E+01  4.3891E-05
 -1.0980E+01  4.0580E-05
 -1.0968E+01  3.6743E-05
 -1.0956E+01  3.2757E-05
 -1.0944E+01  2.9016E-05
 -1.0932E+01  2.5880E-05
 -1.0920E+01  2.3631E-05
 -1.0908E+01  2.2455E-05
 -1.0897E+01  2.2424E-05
 -1.0885E+01  2.3516E-05
 -1.0873E+01  2.5649E-05
 -1.0861E+01  2.8723E-05
 -1.0849E+01  3.2690E-05
 -1.0837E+01  3.7605E-05
 -1.0825E+01  4.3686E-05
 -1.0813E+01  5.1343E-05
 -1.0801E+01  6.1191E-05
 -1.0789E+01  7.4035E-05
 -1.0777E+01  9.0820E-05
 -1.0766E+01  1.1257E-04
 -1.0754E+01  1.4029E-04
 -1.0742E+01  1.7490E-04
 -1.0730E+01  2.1714E-04
 -1.0718E+01  2.6755E-04
 -1.0706E+01  3.2639E-04
 -1.0694E+01  3.9374E-04
 -1.0682E+01  4.6952E-04
 -1.0670E+01  5.5361E-04
 -1.0658E+01  6.4601E-04
 -1.0646E+01  7.4698E-04
 -1.0635E+01  8.5716E-04
 -1.0623E+01  9.7771E-04
 -1.0611E+01  1.1103E-03
 -1.0599E+01  1.2572E-03
 -1.0587E+01  1.4210E-03
 -1.0575E+01  1.6043E-03
 -1.0563E+01  1.8096E-03
 -1.0551E+01  2.0385E-03
 -1.0539E+01  2.2919E-03
 -1.0527E+01  2.5686E-03
 -1.0515E+01  2.8658E-03
 -1.0504E+01  3.1781E-03
 -1.0492E+01  3.4979E-03
 -1.0480E+01  3.8150E-03
 -1.0468E+01  4.1173E-03
 -1.0456E+01  4.3913E-03
 -1.0444E+01  4.6225E-03
 -1.0432E+01  4.7969E-03
 -1.0420E+01  4.9017E-03
 -1.0408E+01  4.9266E-03
 -1.0396E+01  4.8652E-03
 -1.0384E+01  4.7153E-03
 -1.0373E+01  4.4804E-03
 -1.0361E+01  4.1693E-03
 -1.0349E+01  3.7966E-03
 -1.0337E+01  3.3817E-03
 -1.0325E+01  2.9477E-03
 -1.0313E+01  2.5204E-03
 -1.0301E+01  2.1257E-03
 -1.0289E+01  1.7885E-03
 -1.0277E+01  1.5295E-03
 -1.0265E+01  1.3644E-03
 -1.0253E+01  1.3020E-03
 -1.0242E+01  1.3428E-03
 -1.0230E+01  1.4793E-03
 -1.0218E+01  1.6959E-03
 -1.0206E+01  1.9701E-03
 -1.0194E+01  2.2742E-03
 -1.0182E+01  2.5776E-03
 -1.0170E+01  2.8493E-03
 -1.0158E+01  3.0607E-03
 -1.0146E+01  3.1886E-03
 -1.0134E+01  3.2175E-03
 -1.0122E+01  3.1414E-03
 -1.0111E+01  2.9653E-03
 -1.0099E+01  2.7050E-03
 -1.0087E+01  2.3868E-03
 -1.0075E+01  2.0453E-03
 -1.0063E+01  1.7212E-03
 -1.0051E+01  1.4575E-03
 -1.0039E+01  1.2960E-03
 -1.0027E+01  1.2735E-03
 -1.0015E+01  1.4181E-03
 -1.0003E+01  1.7465E-03
 -9.9915E+00  2.2625E-03
 -9.9796E+00  2.9558E-03
 -9.9677E+00  3.8034E-03
 -9.9558E+00  4.7714E-03
 -9.9439E+00  5.8185E-03
 -9.9319E+00  6.9007E-03
 -9.9200E+00  7.9761E-03
 -9.9081E+00  9.0103E-03
 -9.8962E+00  9.9821E-03
 -9.8843E+00  1.0888E-02
 -9.8724E+00  1.1743E-02
 -9.8605E+00  1.2589E-02
 -9.8486E+00  1.3485E-02
 -9.8367E+00  1.4515E-02
 -9.8248E+00  1.5774E-02
 -9.8129E+00  1.7370E-02
 -9.8010E+00  1.9409E-02
 -9.7890E+00  2.1992E-02
 -9.7771E+00  2.5202E-02
 -9.7652E+00  2.9095E-02
 -9.7533E+00  3.3696E-02
 -9.7414E+00  3.8987E-02
 -9.7295E+00  4.4910E-02
 -9.7176E+00  5.1361E-02
 -9.7057E+00  5.8194E-02
 -9.6938E+00  6.5228E-02
 -9.6819E+00  7.2251E-02
 -9.6700E+00  7.9030E-02
 -9.6580E+00  8.5327E-02
 -9.6461E+00  9.0905E-02
 -9.6342E+00  9.5547E-02
 -9.6223E+00  9.9064E-02
 -9.6104E+00  1.0131E-01
 -9.5985E+00  1.0218E-01
 -9.5866E+00  1.0164E-01
 -9.5747E+00  9.9704E-02
 -9.5628E+00  9.6448E-02
 -9.5509E+00  9.2002E-02
 -9.5390E+00  8.6545E-02
 -9.5271E+00  8.0289E-02
 -9.5151E+00  7.3473E-02
 -9.5032E+00  6.6345E-02
 -9.4913E+00  5.9148E-02
 -9.4794E+00  5.2110E-02
 -9.4675E+00  4.5428E-02
 -9.4556E+00  3.9262E-02
 -9.4437E+00  3.3731E-02
 -9.4318E+00  2.8907E-02
 -9.4199E+00  2.4815E-02
 -9.4080E+00  2.1441E-02
 -9.3961E+00  1.8732E-02
 -9.3841E+00  1.6611E-02
 -9.3722E+00  1.4977E-02
 -9.3603E+00  1.3723E-02
 -9.3484E+00  1.2738E-02
 -9.3365E+00  1.1919E-02
 -9.3246E+00  1.1179E-02
 -9.3127E+00  1.0446E-02
 -9.3008E+00  9.6721E-03
 -9.2889E+00  8.8324E-03
 -9.2770E+00  7.9220E-03
 -9.2651E+00  6.9552E-03
 -9.2531E+00  5.9598E-03
 -9.2412E+00  4.9732E-03
 -9.2293E+00  4.0359E-03
 -9.2174E+00  3.1870E-03
 -9.2055E+00  2.4596E-03
 -9.1936E+00  1.8773E-03
 -9.1817E+00  1.4520E-03
 -9.1698E+00  1.1835E-03
 -9.1579E+00  1.0597E-03
 -9.1460E+00  1.0584E-03
 -9.1341E+00  1.1502E-03
 -9.1222E+00  1.3010E-03
 -9.1102E+00  1.4762E-03
 -9.0983E+00  1.6433E-03
 -9.0864E+00  1.7746E-03
 -9.0745E+00  1.8502E-03
 -9.0626E+00  1.8582E-03
 -9.0507E+00  1.7959E-03
 -9.0388E+00  1.6688E-03
 -9.0269E+00  1.4895E-03
 -9.0150E+00  1.2757E-03
 -9.0031E+00  1.0478E-03
 -8.9912E+00  8.2657E-04
 -8.9792E+00  6.3079E-04
 -8.9673E+00  4.7553E-04
 -8.9554E+00  3.7067E-04
 -8.9435E+00  3.2028E-04
 -8.9316E+00  3.2260E-04
 -8.9197E+00  3.7070E-04
 -8.9078E+00  4.5362E-04
 -8.8959E+00  5.5782E-04
 -8.8840E+00  6.6889E-04
 -8.8721E+00  7.7316E-04
 -8.8602E+00  8.5912E-04
 -8.8482E+00  9.1853E-04
 -8.8363E+00  9.4708E-04
 -8.8244E+00  9.4456E-04
 -8.8125E+00  9.1454E-04
 -8.8006E+00  8.6370E-04
 -8.7887E+00  8.0071E-04
 -8.7768E+00  7.3509E-04
 -8.7649E+00  6.7593E-04
 -8.7530E+00  6.3073E-04
 -8.7411E+00  6.0457E-04
 -8.7292E+00  5.9956E-04
 -8.7173E+00  6.1464E-04
 -8.7053E+00  6.4593E-04
 -8.6934E+00  6.8724E-04
 -8.6815E+00  7.3098E-04
 -8.6696E+00  7.6918E-04
 -8.6577E+00  7.9447E-04
 -8.6458E+00  8.0106E-04
 -8.6339E+00  7.8545E-04
 -8.6220E+00  7.4682E-04
 -8.6101E+00  6.8719E-04
 -8.5982E+00  6.1113E-04
 -8.5863E+00  5.2527E-04
 -8.5743E+00  4.3747E-04
 -8.5624E+00  3.5592E-04
 -8.5505E+00  2.8820E-04
 -8.5386E+00  2.4037E-04
 -8.5267E+00  2.1626E-04
 -8.5148E+00  2.1705E-04
 -8.5029E+00  2.4113E-04
 -8.4910E+00  2.8431E-04
 -8.4791E+00  3.4032E-04
 -8.4672E+00  4.0155E-04
 -8.4553E+00  4.5994E-04
 -8.4433E+00  5.0794E-04
 -8.4314E+00  5.3933E-04
 -8.4195E+00  5.4993E-04
 -8.4076E+00  5.3804E-04
 -8.3957E+00  5.0458E-04
 -8.3838E+00  4.5295E-04
 -8.3719E+00  3.8857E-04
 -8.3600E+00  3.1820E-04
 -8.3481E+00  2.4917E-04
 -8.3362E+00  1.8847E-04
 -8.3243E+00  1.4197E-04
 -8.3124E+00  1.1372E-04
 -8.3004E+00  1.0553E-04
 -8.2885E+00  1.1678E-04
 -8.2766E+00  1.4450E-04
 -8.2647E+00  1.8386E-04
 -8.2528E+00  2.2873E-04
 -8.2409E+00  2.7249E-04
 -8.2290E+00  3.0889E-04
 -8.2171E+00  3.3285E-04
 -8.2052E+00  3.4110E-04
 -8.1933E+00  3.3262E-04
 -8.1814E+00  3.0878E-04
 -8.1694E+00  2.7316E-04
 -8.1575E+00  2.3114E-04
 -8.1456E+00  1.8924E-04
 -8.1337E+00  1.5431E-04
 -8.1218E+00  1.3271E-04
 -8.1099E+00  1.2950E-04
 -8.0980E+00  1.4787E-04
 -8.0861E+00  1.8876E-04
 -8.0742E+00  2.5078E-04
 -8.0623E+00  3.3042E-04
 -8.0504E+00  4.2265E-04
 -8.0384E+00  5.2163E-04
 -8.0265E+00  6.2165E-04
 -8.0146E+00  7.1810E-04
 -8.0027E+00  8.0832E-04
 -7.9908E+00  8.9229E-04
 -7.9789E+00  9.7293E-04
 -7.9670E+00  1.0561E-03
 -7.9551E+00  1.1502E-03
 -7.9432E+00  1.2653E-03
 -7.9313E+00  1.4119E-03
 -7.9194E+00  1.5999E-03
 -7.9075E+00  1.8369E-03
 -7.8955E+00  2.1269E-03
 -7.8836E+00  2.4697E-03
 -7.8717E+00  2.8597E-03
 -7.8598E+00  3.2857E-03
 -7.8479E+00  3.7318E-03
 -7.8360E+00  4.1777E-03
 -7.8241E+00  4.6002E-03
 -7.8122E+00  4.9751E-03
 -7.8003E+00  5.2788E-03
 -7.7884E+00  5.4909E-03
 -7.7765E+00  5.5954E-03
 -7.7645E+00  5.5829E-03
 -7.7526E+00  5.4512E-03
 -7.7407E+00  5.2062E-03
 -7.7288E+00  4.8612E-03
 -7.7169E+00  4.4364E-03
 -7.7050E+00  3.9570E-03
 -7.6931E+00  3.4514E-03
 -7.6812E+00  2.9487E-03
 -7.6693E+00  2.4762E-03
 -7.6574E+00  2.0575E-03
 -7.6455E+00  1.7105E-03
 -7.6335E+00  1.4459E-03
 -7.6216E+00  1.2671E-03
 -7.6097E+00  1.1699E-03
 -7.5978E+00  1.1433E-03
 -7.5859E+00  1.1713E-03
 -7.5740E+00  1.2342E-03
 -7.5621E+00  1.3111E-03
 -7.5502E+00  1.3818E-03
 -7.5383E+00  1.4288E-03
 -7.5264E+00  1.4392E-03
 -7.5145E+00  1.4054E-03
 -7.5026E+00  1.3257E-03
 -7.4906E+00  1.2045E-03
 -7.4787E+00  1.0511E-03
 -7.4668E+00  8.7840E-04
 -7.4549E+00  7.0149E-04
 -7.4430E+00  5.3559E-04
 -7.4311E+00  3.9426E-04
 -7.4192E+00  2.8792E-04
 -7.4073E+00  2.2271E-04
 -7.3954E+00  1.9993E-04
 -7.3835E+00  2.1610E-04
 -7.3716E+00  2.6359E-04
 -7.3596E+00  3.3177E-04
 -7.3477E+00  4.0847E-04
 -7.3358E+00  4.8163E-04
 -7.3239E+00  5.4095E-04
 -7.3120E+00  5.7922E-04
 -7.3001E+00  5.9338E-04
 -7.2882E+00  5.8498E-04
 -7.2763E+00  5.6009E-04
 -7.2644E+00  5.2866E-04
 -7.2525E+00  5.0333E-04
 -7.2406E+00  4.9796E-04
 -7.2286E+00  5.2595E-04
 -7.2167E+00  5.9861E-04
 -7.2048E+00  7.2383E-04
 -7.1929E+00  9.0520E-04
 -7.1810E+00  1.1418E-03
 -7.1691E+00  1.4284E-03
 -7.1572E+00  1.7569E-03
 -7.1453E+00  2.1176E-03
 -7.1334E+00  2.5011E-03
 -7.1215E+00  2.9008E-03
 -7.1096E+00  3.3141E-03
 -7.0977E+00  3.7443E-03
 -7.0857E+00  4.2010E-03
 -7.0738E+00  4.7004E-03
 -7.0619E+00  5.2635E-03
 -7.0500E+00  5.9150E-03
 -7.0381E+00  6.6799E-03
 -7.0262E+00  7.5800E-03
 -7.0143E+00  8.6309E-03
 -7.0024E+00  9.8379E-03
 -6.9905E+00  1.1193E-02
 -6.9786E+00  1.2674E-02
 -6.9667E+00  1.4241E-02
 -6.9547E+00  1.5842E-02
 -6.9428E+00  1.7409E-02
 -6.9309E+00  1.8867E-02
 -6.9190E+00  2.0138E-02
 -6.9071E+00  2.1144E-02
 -6.8952E+00  2.1818E-02
 -6.8833E+00  2.2107E-02
 -6.8714E+00  2.1978E-02
 -6.8595E+00  2.1420E-02
 -6.8476E+00  2.0451E-02
 -6.8357E+00  1.9114E-02
 -6.8237E+00  1.7475E-02
 -6.8118E+00  1.5622E-02
 -6.7999E+00  1.3656E-02
 -6.7880E+00  1.1686E-02
 -6.7761E+00  9.8204E-03
 -6.7642E+00  8.1576E-03
 -6.7523E+00  6.7801E-03
 -6.7404E+00  5.7464E-03
 -6.7285E+00  5.0874E-03
 -6.7166E+00  4.8029E-03
 -6.7047E+00  4.8626E-03
 -6.6928E+00  5.2085E-03
 -6.6808E+00  5.7606E-03
 -6.6689E+00  6.4243E-03
 -6.6570E+00  7.0991E-03
 -6.6451E+00  7.6886E-03
 -6.6332E+00  8.1087E-03
 -6.6213E+00  8.2965E-03
 -6.6094E+00  8.2156E-03
 -6.5975E+00  7.8596E-03
 -6.5856E+00  7.2530E-03
 -6.5737E+00  6.4487E-03
 -6.5618E+00  5.5231E-03
 -6.5498E+00  4.5690E-03
 -6.5379E+00  3.6867E-03
 -6.5260E+00  2.9746E-03
 -6.5141E+00  2.5193E-03
 -6.5022E+00  2.3874E-03
 -6.4903E+00  2.6180E-03
 -6.4784E+00  3.2188E-03
 -6.4665E+00  4.1646E-03
 -6.4546E+00  5.3987E-03
 -6.4427E+00  6.8382E-03
 -6.4308E+00  8.3818E-03
 -6.4188E+00  9.9197E-03
 -6.4069E+00  1.1345E-02
 -6.3950E+00  1.2563E-02
 -6.3831E+00  1.3505E-02
 -6.3712E+00  1.4135E-02
 -6.3593E+00  1.4453E-02
 -6.3474E+00  1.4503E-02
 -6.3355E+00  1.4365E-02
 -6.3236E+00  1.4155E-02
 -6.3117E+00  1.4017E-02
 -6.2998E+00  1.4107E-02
 -6.2879E+00  1.4590E-02
 -6.2759E+00  1.5616E-02
 -6.2640E+00  1.7315E-02
 -6.2521E+00  1.9782E-02
 -6.2402E+00  2.3068E-02
 -6.2283E+00  2.7171E-02
 -6.2164E+00  3.2034E-02
 -6.2045E+00  3.7549E-02
 -6.1926E+00  4.3557E-02
 -6.1807E+00  4.9859E-02
 -6.1688E+00  5.6228E-02
 -6.1569E+00  6.2423E-02
 -6.1449E+00  6.8203E-02
 -6.1330E+00  7.3342E-02
 -6.1211E+00  7.7644E-02
 -6.1092E+00  8.0949E-02
 -6.0973E+00  8.3148E-02
 -6.0854E+00  8.4182E-02
 -6.0735E+00  8.4043E-02
 -6.0616E+00  8.2776E-02
 -6.0497E+00  8.0469E-02
 -6.0378E+00  7.7244E-02
 -6.0259E+00  7.3256E-02
 -6.0140E+00  6.8672E-02
 -6.0020E+00  6.3671E-02
 -5.9901E+00  5.8425E-02
 -5.9782E+00  5.3100E-02
 -5.9663E+00  4.7840E-02
 -5.9544E+00  4.2767E-02
 -5.9425E+00  3.7977E-02
 -5.9306E+00  3.3538E-02
 -5.9187E+00  2.9490E-02
 -5.9068E+00  2.5850E-02
 -5.8949E+00  2.2614E-02
 -5.8830E+00  1.9760E-02
 -5.8710E+00  1.7257E-02
 -5.8591E+00  1.5065E-02
 -5.8472E+00  1.3145E-02
 -5.8353E+00  1.1455E-02
 -5.8234E+00  9.9621E-03
 -5.8115E+00  8.6352E-03
 -5.7996E+00  7.4511E-03
 -5.7877E+00  6.3924E-03
 -5.7758E+00  5.4470E-03
 -5.7639E+00  4.6066E-03
 -5.7520E+00  3.8656E-03
 -5.7400E+00  3.2195E-03
 -5.7281E+00  2.6640E-03
 -5.7162E+00  2.1937E-03
 -5.7043E+00  1.8023E-03
 -5.6924E+00  1.4817E-03
 -5.6805E+00  1.2231E-03
 -5.6686E+00  1.0169E-03
 -5.6567E+00  8.5330E-04
 -5.6448E+00  7.2342E-04
 -5.6329E+00  6.1934E-04
 -5.6210E+00  5.3470E-04
 -5.6091E+00  4.6481E-04
 -5.5971E+00  4.0661E-04
 -5.5852E+00  3.5838E-04
 -5.5733E+00  3.1940E-04
 -5.5614E+00  2.8948E-04
 -5.5495E+00  2.6850E-04
 -5.5376E+00  2.5605E-04
 -5.5257E+00  2.5118E-04
 -5.5138E+00  2.5227E-04
 -5.5019E+00  2.5711E-04
 -5.4900E+00  2.6311E-04
 -5.4781E+00  2.6755E-04
 -5.4661E+00  2.6802E-04
 -5.4542E+00  2.6270E-04
 -5.4423E+00  2.5069E-04
 -5.4304E+00  2.3219E-04
 -5.4185E+00  2.0852E-04
 -5.4066E+00  1.8201E-04
 -5.3947E+00  1.5571E-04
 -5.3828E+00  1.3305E-04
 -5.3709E+00  1.1738E-04
 -5.3590E+00  1.1151E-04
 -5.3471E+00  1.1735E-04
 -5.3351E+00  1.3562E-04
 -5.3232E+00  1.6573E-04
 -5.3113E+00  2.0577E-04
 -5.2994E+00  2.5276E-04
 -5.2875E+00  3.0287E-04
 -5.2756E+00  3.5192E-04
 -5.2637E+00  3.9580E-04
 -5.2518E+00  4.3088E-04
 -5.2399E+00  4.5446E-04
 -5.2280E+00  4.6499E-04
 -5.2161E+00  4.6228E-04
 -5.2042E+00  4.4741E-04
 -5.1922E+00  4.2262E-04
 -5.1803E+00  3.9103E-04
 -5.1684E+00  3.5620E-04
 -5.1565E+00  3.2176E-04
 -5.1446E+00  2.9096E-04
 -5.1327E+00  2.6632E-04
 -5.1208E+00  2.4941E-04
 -5.1089E+00  2.4071E-04
 -5.0970E+00  2.3967E-04
 -5.0851E+00  2.4485E-04
 -5.0732E+00  2.5419E-04
 -5.0612E+00  2.6532E-04
 -5.0493E+00  2.7595E-04
 -5.0374E+00  2.8411E-04
 -5.0255E+00  2.8842E-04
 -5.0136E+00  2.8824E-04
 -5.0017E+00  2.8368E-04
 -4.9898E+00  2.7553E-04
 -4.9779E+00  2.6505E-04
 -4.9660E+00  2.5381E-04
 -4.9541E+00  2.4334E-04
 -4.9422E+00  2.3490E-04
 -4.9302E+00  2.2930E-04
 -4.9183E+00  2.2677E-04
 -4.9064E+00  2.2692E-04
 -4.8945E+00  2.2885E-04
 -4.8826E+00  2.3128E-04
 -4.8707E+00  2.3286E-04
 -4.8588E+00  2.3237E-04
 -4.8469E+00  2.2894E-04
 -4.8350E+00  2.2231E-04
 -4.8231E+00  2.1281E-04
 -4.8112E+00  2.0141E-04
 -4.7993E+00  1.8959E-04
 -4.7873E+00  1.7906E-04
 -4.7754E+00  1.7156E-04
 -4.7635E+00  1.6853E-04
 -4.7516E+00  1.7084E-04
 -4.7397E+00  1.7860E-04
 -4.7278E+00  1.9109E-04
 -4.7159E+00  2.0681E-04
 -4.7040E+00  2.2366E-04
 -4.6921E+00  2.3929E-04
 -4.6802E+00  2.5144E-04
 -4.6683E+00  2.5846E-04
 -4.6563E+00  2.5966E-04
 -4.6444E+00  2.5565E-04
 -4.6325E+00  2.4851E-04
 -4.6206E+00  2.4172E-04
 -4.6087E+00  2.3995E-04
 -4.5968E+00  2.4860E-04
 -4.5849E+00  2.7326E-04
 -4.5730E+00  3.1906E-04
 -4.5611E+00  3.9005E-04
 -4.5492E+00  4.8874E-04
 -4.5373E+00  6.1578E-04
 -4.5253E+00  7.6989E-04
 -4.5134E+00  9.4821E-04
 -4.5015E+00  1.1468E-03
 -4.4896E+00  1.3614E-03
 -4.4777E+00  1.5885E-03
 -4.4658E+00  1.8264E-03
 -4.4539E+00  2.0763E-03
 -4.4420E+00  2.3425E-03
 -4.4301E+00  2.6334E-03
 -4.4182E+00  2.9612E-03
 -4.4063E+00  3.3407E-03
 -4.3944E+00  3.7884E-03
 -4.3824E+00  4.3209E-03
 -4.3705E+00  4.9520E-03
 -4.3586E+00  5.6912E-03
 -4.3467E+00  6.5411E-03
 -4.3348E+00  7.4953E-03
 -4.3229E+00  8.5380E-03
 -4.3110E+00  9.6428E-03
 -4.2991E+00  1.0774E-02
 -4.2872E+00  1.1886E-02
 -4.2753E+00  1.2929E-02
 -4.2634E+00  1.3850E-02
 -4.2514E+00  1.4596E-02
 -4.2395E+00  1.5121E-02
 -4.2276E+00  1.5384E-02
 -4.2157E+00  1.5362E-02
 -4.2038E+00  1.5045E-02
 -4.1919E+00  1.4442E-02
 -4.1800E+00  1.3578E-02
 -4.1681E+00  1.2498E-02
 -4.1562E+00  1.1259E-02
 -4.1443E+00  9.9300E-03
 -4.1324E+00  8.5837E-03
 -4.1204E+00  7.2917E-03
 -4.1085E+00  6.1186E-03
 -4.0966E+00  5.1167E-03
 -4.0847E+00  4.3219E-03
 -4.0728E+00  3.7510E-03
 -4.0609E+00  3.4015E-03
 -4.0490E+00  3.2523E-03
 -4.0371E+00  3.2668E-03
 -4.0252E+00  3.3971E-03
 -4.0133E+00  3.5887E-03
 -4.0014E+00  3.7866E-03
 -3.9895E+00  3.9406E-03
 -3.9775E+00  4.0098E-03
 -3.9656E+00  3.9670E-03
 -3.9537E+00  3.8005E-03
 -3.9418E+00  3.5149E-03
 -3.9299E+00  3.1302E-03
 -3.9180E+00  2.6785E-03
 -3.9061E+00  2.1999E-03
 -3.8942E+00  1.7376E-03
 -3.8823E+00  1.3321E-03
 -3.8704E+00  1.0164E-03
 -3.8585E+00  8.1245E-04
 -3.8465E+00  7.2822E-04
 -3.8346E+00  7.5769E-04
 -3.8227E+00  8.8205E-04
 -3.8108E+00  1.0729E-03
 -3.7989E+00  1.2966E-03
 -3.7870E+00  1.5195E-03
 -3.7751E+00  1.7132E-03
 -3.7632E+00  1.8593E-03
 -3.7513E+00  1.9529E-03
 -3.7394E+00  2.0051E-03
 -3.7275E+00  2.0427E-03
 -3.7155E+00  2.1068E-03
 -3.7036E+00  2.2487E-03
 -3.6917E+00  2.5247E-03
 -3.6798E+00  2.9902E-03
 -3.6679E+00  3.6930E-03
 -3.6560E+00  4.6680E-03
 -3.6441E+00  5.9339E-03
 -3.6322E+00  7.4912E-03
 -3.6203E+00  9.3244E-03
 -3.6084E+00  1.1407E-02
 -3.5965E+00  1.3705E-02
 -3.5846E+00  1.6193E-02
 -3.5726E+00  1.8854E-02
 -3.5607E+00  2.1694E-02
 -3.5488E+00  2.4747E-02
 -3.5369E+00  2.8080E-02
 -3.5250E+00  3.1787E-02
 -3.5131E+00  3.5991E-02
 -3.5012E+00  4.0829E-02
 -3.4893E+00  4.6440E-02
 -3.4774E+00  5.2944E-02
 -3.4655E+00  6.0424E-02
 -3.4536E+00  6.8903E-02
 -3.4416E+00  7.8329E-02
 -3.4297E+00  8.8554E-02
 -3.4178E+00  9.9335E-02
 -3.4059E+00  1.1033E-01
 -3.3940E+00  1.2113E-01
 -3.3821E+00  1.3124E-01
 -3.3702E+00  1.4015E-01
 -3.3583E+00  1.4737E-01
 -3.3464E+00  1.5244E-01
 -3.3345E+00  1.5499E-01
 -3.3226E+00  1.5476E-01
 -3.3106E+00  1.5166E-01
 -3.2987E+00  1.4572E-01
 -3.2868E+00  1.3719E-01
 -3.2749E+00  1.2644E-01
 -3.2630E+00  1.1402E-01
 -3.2511E+00  1.0059E-01
 -3.2392E+00  8.6902E-02
 -3.2273E+00  7.3734E-02
 -3.2154E+00  6.1845E-02
 -3.2035E+00  5.1911E-02
 -3.1916E+00  4.4470E-02
 -3.1797E+00  3.9867E-02
 -3.1677E+00  3.8221E-02
 -3.1558E+00  3.9406E-02
 -3.1439E+00  4.3059E-02
 -3.1320E+00  4.8607E-02
 -3.1201E+00  5.5322E-02
 -3.1082E+00  6.2382E-02
 -3.0963E+00  6.8949E-02
 -3.0844E+00  7.4247E-02
 -3.0725E+00  7.7635E-02
 -3.0606E+00  7.8663E-02
 -3.0487E+00  7.7119E-02
 -3.0367E+00  7.3058E-02
 -3.0248E+00  6.6802E-02
 -3.0129E+00  5.8924E-02
 -3.0010E+00  5.0209E-02
 -2.9891E+00  4.1591E-02
 -2.9772E+00  3.4081E-02
 -2.9653E+00  2.8666E-02
 -2.9534E+00  2.6224E-02
 -2.9415E+00  2.7425E-02
 -2.9296E+00  3.2658E-02
 -2.9177E+00  4.1984E-02
 -2.9058E+00  5.5117E-02
 -2.8938E+00  7.1448E-02
 -2.8819E+00  9.0105E-02
 -2.8700E+00  1.1004E-01
 -2.8581E+00  1.3012E-01
 -2.8462E+00  1.4931E-01
 -2.8343E+00  1.6669E-01
 -2.8224E+00  1.8167E-01
 -2.8105E+00  1.9401E-01
 -2.7986E+00  2.0391E-01
 -2.7867E+00  2.1206E-01
 -2.7748E+00  2.1962E-01
 -2.7628E+00  2.2821E-01
 -2.7509E+00  2.3978E-01
 -2.7390E+00  2.5655E-01
 -2.7271E+00  2.8081E-01
 -2.7152E+00  3.1472E-01
 -2.7033E+00  3.6015E-01
 -2.6914E+00  4.1843E-01
 -2.6795E+00  4.9026E-01
 -2.6676E+00  5.7554E-01
 -2.6557E+00  6.7338E-01
 -2.6438E+00  7.8209E-01
 -2.6318E+00  8.9925E-01
 -2.6199E+00  1.0219E+00
 -2.6080E+00  1.1465E+00
 -2.5961E+00  1.2694E+00
 -2.5842E+00  1.3867E+00
 -2.5723E+00  1.4943E+00
 -2.5604E+00  1.5886E+00
 -2.5485E+00  1.6660E+00
 -2.5366E+00  1.7233E+00
 -2.5247E+00  1.7581E+00
 -2.5128E+00  1.7688E+00
 -2.5009E+00  1.7545E+00
 -2.4889E+00  1.7157E+00
 -2.4770E+00  1.6540E+00
 -2.4651E+00  1.5717E+00
 -2.4532E+00  1.4724E+00
 -2.4413E+00  1.3609E+00
 -2.4294E+00  1.2419E+00
 -2.4175E+00  1.1203E+00
 -2.4056E+00  1.0003E+00
 -2.3937E+00  8.8540E-01
 -2.3818E+00  7.7838E-01
 -2.3699E+00  6.8116E-01
 -2.3579E+00  5.9476E-01
 -2.3460E+00  5.1953E-01
 -2.3341E+00  4.5524E-01
 -2.3222E+00  4.0103E-01
 -2.3103E+00  3.5550E-01
 -2.2984E+00  3.1717E-01
 -2.2865E+00  2.8474E-01
 -2.2746E+00  2.5704E-01
 -2.2627E+00  2.3292E-01
 -2.2508E+00  2.1135E-01
 -2.2389E+00  1.9144E-01
 -2.2269E+00  1.7251E-01
 -2.2150E+00  1.5410E-01
 -2.2031E+00  1.3599E-01
 -2.1912E+00  1.1817E-01
 -2.1793E+00  1.0082E-01
 -2.1674E+00  8.4254E-02
 -2.1555E+00  6.8840E-02
 -2.1436E+00  5.4958E-02
 -2.1317E+00  4.2947E-02
 -2.1198E+00  3.3061E-02
 -2.1079E+00  2.5432E-02
 -2.0960E+00  2.0080E-02
 -2.0840E+00  1.6904E-02
 -2.0721E+00  1.5644E-02
 -2.0602E+00  1.5868E-02
 -2.0483E+00  1.7070E-02
 -2.0364E+00  1.8768E-02
 -2.0245E+00  2.0519E-02
 -2.0126E+00  2.1948E-02
 -2.0007E+00  2.2792E-02
 -1.9888E+00  2.2893E-02
 -1.9769E+00  2.2212E-02
 -1.9650E+00  2.0803E-02
 -1.9530E+00  1.8804E-02
 -1.9411E+00  1.6394E-02
 -1.9292E+00  1.3765E-02
 -1.9173E+00  1.1018E-02
 -1.9054E+00  8.4835E-03
 -1.8935E+00  6.5003E-03
 -1.8816E+00  4.9420E-03
 -1.8697E+00  3.8622E-03
 -1.8578E+00  3.3926E-03
 -1.8459E+00  3.5548E-03
 -1.8340E+00  4.3145E-03
 -1.8220E+00  5.5924E-03
 -1.8101E+00  7.3614E-03
 -1.7982E+00  9.8536E-03
 -1.7863E+00  1.0777E-02
 -1.7744E+00  1.7805E-02
 -1.7625E+00  5.0298E-03
 -1.7506E+00  4.4050E-03
 -1.7387E+00  2.1103E-03
 -1.7268E+00  3.7110E-03
 -1.7149E+00  2.6435E-03
 -1.7030E+00  8.0970E-03
 -1.6911E+00  1.8293E-02
 -1.6791E+00  5.5365E-03
 -1.6672E+00  7.6285E-03
 -1.6553E+00  4.7487E-03
 -1.6434E+00  4.7169E-03
 -1.6315E+00  3.5208E-03
 -1.6196E+00  3.9876E-03
 -1.6077E+00  1.3224E-02
 -1.5958E+00  5.4273E-02
 -1.5839E+00  1.1445E-02
 -1.5720E+00  4.2907E-03
 -1.5601E+00  1.7640E-03
 -1.5481E+00  1.2582E-03
 -1.5362E+00  7.5470E-04
 -1.5243E+00  5.2130E-04
 -1.5124E+00  3.9365E-04
 -1.5005E+00  3.0846E-04
 -1.4886E+00  2.4855E-04
 -1.4767E+00  1.9530E-04
 -1.4648E+00  1.5283E-04
 -1.4529E+00  1.2088E-04
 -1.4410E+00  9.6400E-05
 -1.4291E+00  7.7876E-05
 -1.4171E+00  6.4158E-05
 -1.4052E+00  5.4320E-05
 -1.3933E+00  4.7541E-05
 -1.3814E+00  4.3083E-05
 -1.3695E+00  4.0292E-05
 -1.3576E+00  3.8678E-05
 -1.3457E+00  3.7986E-05
 -1.3338E+00  3.8184E-05
 -1.3219E+00  3.7429E-05
 -1.3100E+00  3.6028E-05
 -1.2981E+00  3.5354E-05
 -1.2862E+00  3.5056E-05
 -1.2742E+00  3.5384E-05
 -1.2623E+00  3.7092E-05
 -1.2504E+00  4.2739E-05
 -1.2385E+00  6.4906E-05
 -1.2266E+00  1.6191E-04
 -1.2147E+00  4.0470E-04
 -1.2028E+00  4.5542E-03
 -1.1909E+00  1.0568E-03
 -1.1790E+00  1.0237E-03
 -1.1671E+00  6.7984E-04
 -1.1552E+00  6.3190E-04
 -1.1432E+00  2.9304E-04
 -1.1313E+00  1.3798E-03
 -1.1194E+00  8.3438E-03
 -1.1075E+00  4.9614E-03
 -1.0956E+00  4.6736E-03
 -1.0837E+00  7.0097E-03
 -1.0718E+00  1.1251E-02
 -1.0599E+00  1.0636E-03
 -1.0480E+00  1.9894E-03
 -1.0361E+00  2.0433E-04
 -1.0242E+00  5.0900E-04
 -1.0122E+00  4.8101E-05
 -1.0003E+00  5.3581E-05
 -9.8843E-01  1.3229E-04
 -9.7652E-01  7.7377E-04
 -9.6461E-01  5.3365E-04
 -9.5271E-01  2.3206E-04
 -9.4080E-01  1.5676E-04
 -9.2889E-01  1.2864E-04
 -9.1698E-01  1.2289E-04
 -9.0507E-01  1.5802E-04
 -8.9316E-01  6.7754E-05
 -8.8125E-01  3.3961E-05
 -8.6934E-01  3.4057E-05
 -8.5743E-01  3.5852E-05
 -8.4553E-01  4.1551E-05
 -8.3362E-01  1.6238E-04
 -8.2171E-01  4.9054E-05
 -8.0980E-01  5.2879E-05
 -7.9789E-01  6.4636E-05
 -7.8598E-01  7.4844E-05
 -7.7407E-01  7.7139E-05
 -7.6216E-01  1.0427E-04
 -7.5026E-01  9.7423E-05
 -7.3835E-01  1.0004E-04
 -7.2644E-01  1.9128E-04
 -7.1453E-01  1.0494E-04
 -7.0262E-01  1.4675E-04
 -6.9071E-01  1.0656E-04
 -6.7880E-01  1.3429E-04
 -6.6689E-01  1.0610E-04
 -6.5498E-01  1.4897E-04
 -6.4308E-01  9.6974E-05
 -6.3117E-01  2.0496E-04
 -6.1926E-01  7.6811E-05
 -6.0735E-01  9.1859E-04
 -5.9544E-01  5.7116E-05
 -5.8353E-01  8.7268E-05
 -5.7162E-01  4.8113E-05
 -5.5971E-01  5.3266E-05
 -5.4781E-01  2.6134E-04
 -5.3590E-01  6.3499E-05
 -5.2399E-01  2.4290E-04
 -5.1208E-01  2.3046E-04
 -5.0017E-01  1.2009E-04
 -4.8826E-01  7.2514E-04
 -4.7635E-01  3.5438E-04
 -4.6444E-01  1.5058E-04
 -4.5253E-01  4.8329E-04
 -4.4063E-01  8.7161E-04
 -4.2872E-01  1.3123E-04
 -4.1681E-01  1.5014E-04
 -4.0490E-01  2.7930E-03
 -3.9299E-01  1.3889E-04
 -3.8108E-01  4.3565E-05
 -3.6917E-01  4.0643E-05
 -3.5726E-01  3.0650E-04
 -3.4536E-01  1.7757E-05
 -3.3345E-01  4.0178E-06
 -3.2154E-01  4.3172E-06
 -3.0963E-01  1.6847E-05
 -2.9772E-01  1.4822E-03
 -2.8581E-01  4.9652E-05
 -2.7390E-01  2.4714E-05
 -2.6199E-01  2.4326E-05
 -2.5009E-01  3.5078E-05
 -2.3818E-01  8.9863E-05
 -2.2627E-01  2.1976E-03
 -2.1436E-01  1.2895E-04
 -2.0245E-01  3.6299E-05
 -1.9054E-01  2.1806E-05
 -1.7863E-01  1.7872E-05
 -1.6672E-01  1.7743E-05
 -1.5481E-01  2.0884E-05
 -1.4291E-01  2.9948E-05
 -1.3100E-01  5.8333E-05
 -1.1909E-01  2.3031E-04
 -1.0718E-01  1.0738E-03
 -9.5271E-02  1.4009E-04
 -8.3362E-02  6.9734E-05
 -7.1453E-02  5.6615E-05
 -5.9544E-02  5.5416E-05
 -4.7635E-02  5.8477E-05
 -3.5726E-02  6.3701E-05
 -2.3818E-02  7.0445E-05
 -1.1909E-02  7.8619E-05
  0.0000E+00  8.8409E-05
  1.1909E-02  1.0018E-04
  2.3818E-02  1.1440E-04
  3.5726E-02  1.3167E-04
  4.7635E-02  1.5275E-04
  5.9544E-02  1.7885E-04
  7.1453E-02  2.1265E-04
  8.3362E-02  2.6336E-04
  9.5271E-02  3.8661E-04
  1.0718E-01  1.6065E-03
  1.1909E-01  6.0201E-04
  1.3100E-01  4.1490E-04
  1.4291E-01  4.1229E-04
  1.5481E-01  4.3149E-04
  1.6672E-01  4.5324E-04
  1.7863E-01  4.7239E-04
  1.9054E-01  4.8778E-04
  2.0245E-01  5.0437E-04
  2.1436E-01  5.8325E-04
  2.2627E-01  2.5624E-03
  2.3818E-01  5.3039E-04
  2.5009E-01  4.5009E-04
  2.6199E-01  4.1306E-04
  2.7390E-01  4.0361E-04
  2.8581E-01  5.7307E-04
  2.9772E-01  1.7404E-02
  3.0963E-01  6.0007E-04
  3.2154E-01  3.6378E-04
  3.3345E-01  3.9588E-04
  3.4536E-01  1.1667E-03
  3.5726E-01  9.6681E-03
  3.6917E-01  6.8846E-04
  3.8108E-01  5.1678E-04
  3.9299E-01  1.2750E-03
  4.0490E-01  1.8600E-02
  4.1681E-01  8.1137E-04
  4.2872E-01  6.5389E-04
  4.4063E-01  3.4308E-03
  4.5253E-01  1.5109E-03
  4.6444E-01  4.8925E-04
  4.7635E-01  8.9556E-04
  4.8826E-01  1.2114E-03
  5.0017E-01  2.5182E-04
  5.1208E-01  2.6307E-04
  5.2399E-01  1.4935E-04
  5.3590E-01  1.0257E-04
  5.4781E-01  4.7652E-04
  5.5971E-01  1.8085E-04
  5.7162E-01  2.9348E-04
  5.8353E-01  1.8229E-03
  5.9544E-01  3.6227E-04
  6.0735E-01  2.3489E-02
  6.1926E-01  5.0762E-04
  6.3117E-01  2.7737E-03
  6.4308E-01  5.8430E-04
  6.5498E-01  1.1742E-03
  6.6689E-01  4.7055E-04
  6.7880E-01  5.7977E-04
  6.9071E-01  3.5407E-04
  7.0262E-01  5.0086E-04
  7.1453E-01  4.2516E-04
  7.2644E-01  4.8322E-03
  7.3835E-01  6.9186E-04
  7.5026E-01  1.1968E-03
  7.6216E-01  2.8045E-03
  7.7407E-01  8.2187E-04
  7.8598E-01  2.2496E-03
  7.9789E-01  1.4579E-03
  8.0980E-01  6.1240E-04
  8.2171E-01  6.5847E-04
  8.3362E-01  8.0299E-04
  8.4553E-01  8.4942E-04
  8.5743E-01  9.9322E-04
  8.6934E-01  1.2775E-03
  8.8125E-01  2.0883E-03
  8.9316E-01  6.3487E-03
  9.0507E-01  4.5210E-03
  9.1698E-01  2.6052E-03
  9.2889E-01  3.3975E-03
  9.4080E-01  5.5280E-03
  9.5271E-01  1.0776E-02
  9.6461E-01  3.1570E-02
  9.7652E-01  5.7743E-02
  9.8843E-01  1.3065E-02
  1.0003E+00  6.8648E-03
  1.0122E+00  5.6381E-03
  1.0242E+00  6.3916E-03
  1.0361E+00  7.5703E-03
  1.0480E+00  3.3969E-02
  1.0599E+00  1.7587E-02
  1.0718E+00  9.9090E-02
  1.0837E+00  3.6383E-02
  1.0956E+00  1.6343E-02
  1.1075E+00  1.5807E-02
  1.1194E+00  4.5243E-02
  1.1313E+00  2.4253E-02
  1.1432E+00  3.7304E-02
  1.1552E+00  5.2549E-02
  1.1671E+00  1.0184E-01
  1.1790E+00  1.6118E-01
  1.1909E+00  1.6987E-01
  1.2028E+00  5.5138E-02
  1.2147E+00  1.0045E-02
  1.2266E+00  3.1387E-03
  1.2385E+00  1.8812E-03
  1.2504E+00  1.3549E-03
  1.2623E+00  1.0521E-03
  1.2742E+00  8.3198E-04
  1.2862E+00  6.6353E-04
  1.2981E+00  5.3367E-04
  1.3100E+00  4.2722E-04
  1.3219E+00  3.4201E-04
  1.3338E+00  2.7376E-04
  1.3457E+00  2.2026E-04
  1.3576E+00  1.7950E-04
  1.3695E+00  1.4985E-04
  1.3814E+00  1.2984E-04
  1.3933E+00  1.1822E-04
  1.4052E+00  1.1395E-04
  1.4171E+00  1.1630E-04
  1.4291E+00  1.2493E-04
  1.4410E+00  1.4115E-04
  1.4529E+00  1.7892E-04
  1.4648E+00  3.7182E-04
  1.4767E+00  2.4106E-04
  1.4886E+00  2.8793E-04
  1.5005E+00  4.7501E-04
  1.5124E+00  1.0053E-03
  1.5243E+00  7.1927E-04
  1.5362E+00  1.2242E-03
  1.5481E+00  2.2226E-03
  1.5601E+00  7.1930E-03
  1.5720E+00  3.4443E-02
  1.5839E+00  6.3538E-03
  1.5958E+00  2.7294E-03
  1.6077E+00  3.1276E-03
  1.6196E+00  8.5089E-03
  1.6315E+00  3.3699E-03
  1.6434E+00  3.9633E-03
  1.6553E+00  1.5207E-03
  1.6672E+00  1.9656E-03
  1.6791E+00  3.9532E-03
  1.6911E+00  1.6186E-03
  1.7030E+00  2.2021E-03
  1.7149E+00  1.0092E-03
  1.7268E+00  1.6909E-03
  1.7387E+00  3.3778E-03
  1.7506E+00  1.6790E-03
  1.7625E+00  6.1120E-03
  1.7744E+00  3.0763E-03
  1.7863E+00  3.7936E-03
  1.7982E+00  3.7688E-03
  1.8101E+00  4.1883E-03
  1.8220E+00  4.7243E-03
  1.8340E+00  5.2185E-03
  1.8459E+00  5.6056E-03
  1.8578E+00  5.8832E-03
  1.8697E+00  6.0766E-03
  1.8816E+00  6.2113E-03
  1.8935E+00  6.3009E-03
  1.9054E+00  6.3476E-03
  1.9173E+00  6.3449E-03
  1.9292E+00  6.2827E-03
  1.9411E+00  6.1516E-03
  1.9530E+00  5.9462E-03
  1.9650E+00  5.6659E-03
  1.9769E+00  5.3161E-03
  1.9888E+00  4.9079E-03
  2.0007E+00  4.4573E-03
  2.0126E+00  3.9850E-03
  2.0245E+00  3.5149E-03
  2.0364E+00  3.0723E-03
  2.0483E+00  2.6818E-03
  2.0602E+00  2.3642E-03
  2.0721E+00  2.1342E-03
  2.0840E+00  1.9982E-03
  2.0960E+00  1.9539E-03
  2.1079E+00  1.9907E-03
  2.1198E+00  2.0913E-03
  2.1317E+00  2.2335E-03
  2.1436E+00  2.3928E-03
  2.1555E+00  2.5444E-03
  2.1674E+00  2.6656E-03
  2.1793E+00  2.7367E-03
  2.1912E+00  2.7439E-03
  2.2031E+00  2.6797E-03
  2.2150E+00  2.5444E-03
  2.2269E+00  2.3467E-03
  2.2389E+00  2.1027E-03
  2.2508E+00  1.8343E-03
  2.2627E+00  1.5669E-03
  2.2746E+00  1.3258E-03
  2.2865E+00  1.1330E-03
  2.2984E+00  1.0039E-03
  2.3103E+00  9.4637E-04
  2.3222E+00  9.5917E-04
  2.3341E+00  1.0331E-03
  2.3460E+00  1.1522E-03
  2.3579E+00  1.2961E-03
  2.3699E+00  1.4418E-03
  2.3818E+00  1.5672E-03
  2.3937E+00  1.6527E-03
  2.4056E+00  1.6842E-03
  2.4175E+00  1.6549E-03
  2.4294E+00  1.5670E-03
  2.4413E+00  1.4314E-03
  2.4532E+00  1.2678E-03
  2.4651E+00  1.1023E-03
  2.4770E+00  9.6411E-04
  2.4889E+00  8.8255E-04
  2.5009E+00  8.8268E-04
  2.5128E+00  9.8217E-04
  2.5247E+00  1.1894E-03
  2.5366E+00  1.5027E-03
  2.5485E+00  1.9108E-03
  2.5604E+00  2.3952E-03
  2.5723E+00  2.9325E-03
  2.5842E+00  3.4980E-03
  2.5961E+00  4.0700E-03
  2.6080E+00  4.6333E-03
  2.6199E+00  5.1824E-03
  2.6318E+00  5.7244E-03
  2.6438E+00  6.2800E-03
  2.6557E+00  6.8830E-03
  2.6676E+00  7.5780E-03
  2.6795E+00  8.4165E-03
  2.6914E+00  9.4510E-03
  2.7033E+00  1.0728E-02
  2.7152E+00  1.2283E-02
  2.7271E+00  1.4130E-02
  2.7390E+00  1.6263E-02
  2.7509E+00  1.8649E-02
  2.7628E+00  2.1226E-02
  2.7748E+00  2.3911E-02
  2.7867E+00  2.6598E-02
  2.7986E+00  2.9166E-02
  2.8105E+00  3.1488E-02
  2.8224E+00  3.3437E-02
  2.8343E+00  3.4895E-02
  2.8462E+00  3.5764E-02
  2.8581E+00  3.5973E-02
  2.8700E+00  3.5489E-02
  2.8819E+00  3.4316E-02
  2.8938E+00  3.2505E-02
  2.9058E+00  3.0146E-02
  2.9177E+00  2.7364E-02
  2.9296E+00  2.4312E-02
  2.9415E+00  2.1156E-02
  2.9534E+00  1.8060E-02
  2.9653E+00  1.5178E-02
  2.9772E+00  1.2634E-02
  2.9891E+00  1.0518E-02
  3.0010E+00  8.8786E-03
  3.0129E+00  7.7242E-03
  3.0248E+00  7.0230E-03
  3.0367E+00  6.7100E-03
  3.0487E+00  6.6957E-03
  3.0606E+00  6.8756E-03
  3.0725E+00  7.1408E-03
  3.0844E+00  7.3882E-03
  3.0963E+00  7.5301E-03
  3.1082E+00  7.5013E-03
  3.1201E+00  7.2648E-03
  3.1320E+00  6.8132E-03
  3.1439E+00  6.1682E-03
  3.1558E+00  5.3760E-03
  3.1677E+00  4.5008E-03
  3.1797E+00  3.6154E-03
  3.1916E+00  2.7926E-03
  3.2035E+00  2.0955E-03
  3.2154E+00  1.5707E-03
  3.2273E+00  1.2431E-03
  3.2392E+00  1.1146E-03
  3.2511E+00  1.1649E-03
  3.2630E+00  1.3556E-03
  3.2749E+00  1.6360E-03
  3.2868E+00  1.9509E-03
  3.2987E+00  2.2476E-03
  3.3106E+00  2.4834E-03
  3.3226E+00  2.6319E-03
  3.3345E+00  2.6864E-03
  3.3464E+00  2.6619E-03
  3.3583E+00  2.5943E-03
  3.3702E+00  2.5359E-03
  3.3821E+00  2.5503E-03
  3.3940E+00  2.7043E-03
  3.4059E+00  3.0599E-03
  3.4178E+00  3.6669E-03
  3.4297E+00  4.5567E-03
  3.4416E+00  5.7396E-03
  3.4536E+00  7.2041E-03
  3.4655E+00  8.9210E-03
  3.4774E+00  1.0849E-02
  3.4893E+00  1.2944E-02
  3.5012E+00  1.5168E-02
  3.5131E+00  1.7500E-02
  3.5250E+00  1.9941E-02
  3.5369E+00  2.2522E-02
  3.5488E+00  2.5308E-02
  3.5607E+00  2.8387E-02
  3.5726E+00  3.1875E-02
  3.5846E+00  3.5892E-02
  3.5965E+00  4.0557E-02
  3.6084E+00  4.5964E-02
  3.6203E+00  5.2166E-02
  3.6322E+00  5.9159E-02
  3.6441E+00  6.6868E-02
  3.6560E+00  7.5138E-02
  3.6679E+00  8.3737E-02
  3.6798E+00  9.2361E-02
  3.6917E+00  1.0065E-01
  3.7036E+00  1.0821E-01
  3.7155E+00  1.1463E-01
  3.7275E+00  1.1955E-01
  3.7394E+00  1.2262E-01
  3.7513E+00  1.2361E-01
  3.7632E+00  1.2236E-01
  3.7751E+00  1.1886E-01
  3.7870E+00  1.1320E-01
  3.7989E+00  1.0562E-01
  3.8108E+00  9.6480E-02
  3.8227E+00  8.6227E-02
  3.8346E+00  7.5400E-02
  3.8465E+00  6.4571E-02
  3.8585E+00  5.4311E-02
  3.8704E+00  4.5146E-02
  3.8823E+00  3.7518E-02
  3.8942E+00  3.1745E-02
  3.9061E+00  2.7996E-02
  3.9180E+00  2.6277E-02
  3.9299E+00  2.6436E-02
  3.9418E+00  2.8171E-02
  3.9537E+00  3.1065E-02
  3.9656E+00  3.4621E-02
  3.9775E+00  3.8311E-02
  3.9895E+00  4.1621E-02
  4.0014E+00  4.4099E-02
  4.0133E+00  4.5394E-02
  4.0252E+00  4.5287E-02
  4.0371E+00  4.3708E-02
  4.0490E+00  4.0748E-02
  4.0609E+00  3.6647E-02
  4.0728E+00  3.1775E-02
  4.0847E+00  2.6599E-02
  4.0966E+00  2.1643E-02
  4.1085E+00  1.7434E-02
  4.1204E+00  1.4457E-02
  4.1324E+00  1.3106E-02
  4.1443E+00  1.3642E-02
  4.1562E+00  1.6167E-02
  4.1681E+00  2.0613E-02
  4.1800E+00  2.6744E-02
  4.1919E+00  3.4181E-02
  4.2038E+00  4.2437E-02
  4.2157E+00  5.0964E-02
  4.2276E+00  5.9211E-02
  4.2395E+00  6.6678E-02
  4.2514E+00  7.2972E-02
  4.2634E+00  7.7848E-02
  4.2753E+00  8.1249E-02
  4.2872E+00  8.3319E-02
  4.2991E+00  8.4411E-02
  4.3110E+00  8.5069E-02
  4.3229E+00  8.5994E-02
  4.3348E+00  8.8000E-02
  4.3467E+00  9.1950E-02
  4.3586E+00  9.8687E-02
  4.3705E+00  1.0896E-01
  4.3824E+00  1.2336E-01
  4.3944E+00  1.4224E-01
  4.4063E+00  1.6571E-01
  4.4182E+00  1.9356E-01
  4.4301E+00  2.2530E-01
  4.4420E+00  2.6014E-01
  4.4539E+00  2.9708E-01
  4.4658E+00  3.3491E-01
  4.4777E+00  3.7231E-01
  4.4896E+00  4.0790E-01
  4.5015E+00  4.4037E-01
  4.5134E+00  4.6847E-01
  4.5253E+00  4.9113E-01
  4.5373E+00  5.0752E-01
  4.5492E+00  5.1705E-01
  4.5611E+00  5.1941E-01
  4.5730E+00  5.1461E-01
  4.5849E+00  5.0293E-01
  4.5968E+00  4.8494E-01
  4.6087E+00  4.6143E-01
  4.6206E+00  4.3337E-01
  4.6325E+00  4.0188E-01
  4.6444E+00  3.6810E-01
  4.6563E+00  3.3322E-01
  4.6683E+00  2.9831E-01
  4.6802E+00  2.6436E-01
  4.6921E+00  2.3217E-01
  4.7040E+00  2.0238E-01
  4.7159E+00  1.7541E-01
  4.7278E+00  1.5148E-01
  4.7397E+00  1.3064E-01
  4.7516E+00  1.1280E-01
  4.7635E+00  9.7718E-02
  4.7754E+00  8.5086E-02
  4.7873E+00  7.4539E-02
  4.7993E+00  6.5699E-02
  4.8112E+00  5.8199E-02
  4.8231E+00  5.1710E-02
  4.8350E+00  4.5953E-02
  4.8469E+00  4.0712E-02
  4.8588E+00  3.5837E-02
  4.8707E+00  3.1238E-02
  4.8826E+00  2.6880E-02
  4.8945E+00  2.2768E-02
  4.9064E+00  1.8939E-02
  4.9183E+00  1.5444E-02
  4.9302E+00  1.2333E-02
  4.9422E+00  9.6520E-03
  4.9541E+00  7.4271E-03
  4.9660E+00  5.6641E-03
  4.9779E+00  4.3456E-03
  4.9898E+00  3.4329E-03
  5.0017E+00  2.8699E-03
  5.0136E+00  2.5881E-03
  5.0255E+00  2.5132E-03
  5.0374E+00  2.5709E-03
  5.0493E+00  2.6924E-03
  5.0612E+00  2.8194E-03
  5.0732E+00  2.9069E-03
  5.0851E+00  2.9246E-03
  5.0970E+00  2.8575E-03
  5.1089E+00  2.7043E-03
  5.1208E+00  2.4753E-03
  5.1327E+00  2.1891E-03
  5.1446E+00  1.8694E-03
  5.1565E+00  1.5414E-03
  5.1684E+00  1.2288E-03
  5.1803E+00  9.5117E-04
  5.1922E+00  7.2265E-04
  5.2042E+00  5.5080E-04
  5.2161E+00  4.3684E-04
  5.2280E+00  3.7634E-04
  5.2399E+00  3.6048E-04
  5.2518E+00  3.7761E-04
  5.2637E+00  4.1489E-04
  5.2756E+00  4.5979E-04
  5.2875E+00  5.0140E-04
  5.2994E+00  5.3125E-04
  5.3113E+00  5.4388E-04
  5.3232E+00  5.3693E-04
  5.3351E+00  5.1090E-04
  5.3471E+00  4.6862E-04
  5.3590E+00  4.1461E-04
  5.3709E+00  3.5426E-04
  5.3828E+00  2.9313E-04
  5.3947E+00  2.3626E-04
  5.4066E+00  1.8769E-04
  5.4185E+00  1.5017E-04
  5.4304E+00  1.2501E-04
  5.4423E+00  1.1222E-04
  5.4542E+00  1.1065E-04
  5.4661E+00  1.1836E-04
  5.4781E+00  1.3292E-04
  5.4900E+00  1.5177E-04
  5.5019E+00  1.7248E-04
  5.5138E+00  1.9297E-04
  5.5257E+00  2.1161E-04
  5.5376E+00  2.2730E-04
  5.5495E+00  2.3938E-04
  5.5614E+00  2.4760E-04
  5.5733E+00  2.5197E-04
  5.5852E+00  2.5272E-04
  5.5971E+00  2.5013E-04
  5.6091E+00  2.4453E-04
  5.6210E+00  2.3622E-04
  5.6329E+00  2.2552E-04
  5.6448E+00  2.1272E-04
  5.6567E+00  1.9818E-04
  5.6686E+00  1.8230E-04
  5.6805E+00  1.6558E-04
  5.6924E+00  1.4860E-04
  5.7043E+00  1.3199E-04
  5.7162E+00  1.1638E-04
  5.7281E+00  1.0238E-04
  5.7400E+00  9.0466E-05
  5.7520E+00  8.0965E-05
  5.7639E+00  7.3990E-05
  5.7758E+00  6.9431E-05
  5.7877E+00  6.6961E-05
  5.7996E+00  6.6076E-05
  5.8115E+00  6.6150E-05
  5.8234E+00  6.6512E-05
  5.8353E+00  6.6526E-05
  5.8472E+00  6.5667E-05
  5.8591E+00  6.3583E-05
  5.8710E+00  6.0132E-05
  5.8830E+00  5.5400E-05
  5.8949E+00  4.9674E-05
  5.9068E+00  4.3411E-05
  5.9187E+00  3.7170E-05
  5.9306E+00  3.1548E-05
  5.9425E+00  2.7106E-05
  5.9544E+00  2.4319E-05
  5.9663E+00  2.3535E-05
  5.9782E+00  2.4963E-05
  5.9901E+00  2.8683E-05
  6.0020E+00  3.4674E-05
  6.0140E+00  4.2864E-05
  6.0259E+00  5.3175E-05
  6.0378E+00  6.5573E-05
  6.0497E+00  8.0103E-05
  6.0616E+00  9.6909E-05
  6.0735E+00  1.1624E-04
  6.0854E+00  1.3842E-04
  6.0973E+00  1.6385E-04
  6.1092E+00  1.9297E-04
  6.1211E+00  2.2620E-04
  6.1330E+00  2.6397E-04
  6.1449E+00  3.0672E-04
  6.1569E+00  3.5488E-04
  6.1688E+00  4.0897E-04
  6.1807E+00  4.6962E-04
  6.1926E+00  5.3761E-04
  6.2045E+00  6.1391E-04
  6.2164E+00  6.9969E-04
  6.2283E+00  7.9626E-04
  6.2402E+00  9.0499E-04
  6.2521E+00  1.0271E-03
  6.2640E+00  1.1635E-03
  6.2759E+00  1.3145E-03
  6.2879E+00  1.4796E-03
  6.2998E+00  1.6572E-03
  6.3117E+00  1.8445E-03
  6.3236E+00  2.0373E-03
  6.3355E+00  2.2301E-03
  6.3474E+00  2.4160E-03
  6.3593E+00  2.5873E-03
  6.3712E+00  2.7358E-03
  6.3831E+00  2.8535E-03
  6.3950E+00  2.9328E-03
  6.4069E+00  2.9677E-03
  6.4188E+00  2.9540E-03
  6.4308E+00  2.8902E-03
  6.4427E+00  2.7774E-03
  6.4546E+00  2.6195E-03
  6.4665E+00  2.4235E-03
  6.4784E+00  2.1986E-03
  6.4903E+00  1.9557E-03
  6.5022E+00  1.7067E-03
  6.5141E+00  1.4638E-03
  6.5260E+00  1.2380E-03
  6.5379E+00  1.0389E-03
  6.5498E+00  8.7364E-04
  6.5618E+00  7.4627E-04
  6.5737E+00  6.5783E-04
  6.5856E+00  6.0617E-04
  6.5975E+00  5.8633E-04
  6.6094E+00  5.9108E-04
  6.6213E+00  6.1171E-04
  6.6332E+00  6.3895E-04
  6.6451E+00  6.6387E-04
  6.6570E+00  6.7882E-04
  6.6689E+00  6.7810E-04
  6.6808E+00  6.5853E-04
  6.6928E+00  6.1961E-04
  6.7047E+00  5.6347E-04
  6.7166E+00  4.9445E-04
  6.7285E+00  4.1848E-04
  6.7404E+00  3.4230E-04
  6.7523E+00  2.7253E-04
  6.7642E+00  2.1494E-04
  6.7761E+00  1.7369E-04
  6.7880E+00  1.5092E-04
  6.7999E+00  1.4660E-04
  6.8118E+00  1.5862E-04
  6.8237E+00  1.8325E-04
  6.8357E+00  2.1579E-04
  6.8476E+00  2.5134E-04
  6.8595E+00  2.8572E-04
  6.8714E+00  3.1626E-04
  6.8833E+00  3.4240E-04
  6.8952E+00  3.6612E-04
  6.9071E+00  3.9197E-04
  6.9190E+00  4.2680E-04
  6.9309E+00  4.7914E-04
  6.9428E+00  5.5836E-04
  6.9547E+00  6.7364E-04
  6.9667E+00  8.3299E-04
  6.9786E+00  1.0424E-03
  6.9905E+00  1.3051E-03
  7.0024E+00  1.6217E-03
  7.0143E+00  1.9901E-03
  7.0262E+00  2.4064E-03
  7.0381E+00  2.8658E-03
  7.0500E+00  3.3643E-03
  7.0619E+00  3.8998E-03
  7.0738E+00  4.4737E-03
  7.0857E+00  5.0920E-03
  7.0977E+00  5.7653E-03
  7.1096E+00  6.5096E-03
  7.1215E+00  7.3443E-03
  7.1334E+00  8.2911E-03
  7.1453E+00  9.3713E-03
  7.1572E+00  1.0603E-02
  7.1691E+00  1.1996E-02
  7.1810E+00  1.3552E-02
  7.1929E+00  1.5258E-02
  7.2048E+00  1.7087E-02
  7.2167E+00  1.8993E-02
  7.2286E+00  2.0917E-02
  7.2406E+00  2.2787E-02
  7.2525E+00  2.4518E-02
  7.2644E+00  2.6023E-02
  7.2763E+00  2.7215E-02
  7.2882E+00  2.8015E-02
  7.3001E+00  2.8358E-02
  7.3120E+00  2.8202E-02
  7.3239E+00  2.7530E-02
  7.3358E+00  2.6353E-02
  7.3477E+00  2.4716E-02
  7.3596E+00  2.2694E-02
  7.3716E+00  2.0386E-02
  7.3835E+00  1.7916E-02
  7.3954E+00  1.5419E-02
  7.4073E+00  1.3036E-02
  7.4192E+00  1.0900E-02
  7.4311E+00  9.1283E-03
  7.4430E+00  7.8099E-03
  7.4549E+00  7.0003E-03
  7.4668E+00  6.7152E-03
  7.4787E+00  6.9282E-03
  7.4906E+00  7.5730E-03
  7.5026E+00  8.5480E-03
  7.5145E+00  9.7257E-03
  7.5264E+00  1.0963E-02
  7.5383E+00  1.2113E-02
  7.5502E+00  1.3042E-02
  7.5621E+00  1.3636E-02
  7.5740E+00  1.3817E-02
  7.5859E+00  1.3549E-02
  7.5978E+00  1.2840E-02
  7.6097E+00  1.1749E-02
  7.6216E+00  1.0374E-02
  7.6335E+00  8.8508E-03
  7.6455E+00  7.3402E-03
  7.6574E+00  6.0125E-03
  7.6693E+00  5.0335E-03
  7.6812E+00  4.5489E-03
  7.6931E+00  4.6700E-03
  7.7050E+00  5.4625E-03
  7.7169E+00  6.9390E-03
  7.7288E+00  9.0566E-03
  7.7407E+00  1.1720E-02
  7.7526E+00  1.4791E-02
  7.7645E+00  1.8101E-02
  7.7765E+00  2.1466E-02
  7.7884E+00  2.4712E-02
  7.8003E+00  2.7688E-02
  7.8122E+00  3.0291E-02
  7.8241E+00  3.2477E-02
  7.8360E+00  3.4276E-02
  7.8479E+00  3.5796E-02
  7.8598E+00  3.7221E-02
  7.8717E+00  3.8807E-02
  7.8836E+00  4.0862E-02
  7.8955E+00  4.3732E-02
  7.9075E+00  4.7767E-02
  7.9194E+00  5.3303E-02
  7.9313E+00  6.0624E-02
  7.9432E+00  6.9936E-02
  7.9551E+00  8.1344E-02
  7.9670E+00  9.4834E-02
  7.9789E+00  1.1026E-01
  7.9908E+00  1.2734E-01
  8.0027E+00  1.4567E-01
  8.0146E+00  1.6474E-01
  8.0265E+00  1.8395E-01
  8.0384E+00  2.0264E-01
  8.0504E+00  2.2016E-01
  8.0623E+00  2.3585E-01
  8.0742E+00  2.4912E-01
  8.0861E+00  2.5946E-01
  8.0980E+00  2.6647E-01
  8.1099E+00  2.6990E-01
  8.1218E+00  2.6962E-01
  8.1337E+00  2.6569E-01
  8.1456E+00  2.5829E-01
  8.1575E+00  2.4773E-01
  8.1694E+00  2.3446E-01
  8.1814E+00  2.1899E-01
  8.1933E+00  2.0193E-01
  8.2052E+00  1.8387E-01
  8.2171E+00  1.6543E-01
  8.2290E+00  1.4717E-01
  8.2409E+00  1.2961E-01
  8.2528E+00  1.1314E-01
  8.2647E+00  9.8103E-02
  8.2766E+00  8.4692E-02
  8.2885E+00  7.3010E-02
  8.3004E+00  6.3055E-02
  8.3124E+00  5.4739E-02
  8.3243E+00  4.7907E-02
  8.3362E+00  4.2354E-02
  8.3481E+00  3.7847E-02
  8.3600E+00  3.4149E-02
  8.3719E+00  3.1033E-02
  8.3838E+00  2.8299E-02
  8.3957E+00  2.5784E-02
  8.4076E+00  2.3369E-02
  8.4195E+00  2.0978E-02
  8.4314E+00  1.8579E-02
  8.4433E+00  1.6178E-02
  8.4553E+00  1.3808E-02
  8.4672E+00  1.1524E-02
  8.4791E+00  9.3887E-03
  8.4910E+00  7.4638E-03
  8.5029E+00  5.8027E-03
  8.5148E+00  4.4427E-03
  8.5267E+00  3.4017E-03
  8.5386E+00  2.6761E-03
  8.5505E+00  2.2419E-03
  8.5624E+00  2.0581E-03
  8.5743E+00  2.0705E-03
  8.5863E+00  2.2181E-03
  8.5982E+00  2.4382E-03
  8.6101E+00  2.6724E-03
  8.6220E+00  2.8706E-03
  8.6339E+00  2.9952E-03
  8.6458E+00  3.0226E-03
  8.6577E+00  2.9436E-03
  8.6696E+00  2.7628E-03
  8.6815E+00  2.4965E-03
  8.6934E+00  2.1693E-03
  8.7053E+00  1.8108E-03
  8.7173E+00  1.4519E-03
  8.7292E+00  1.1212E-03
  8.7411E+00  8.4225E-04
  8.7530E+00  6.3143E-04
  8.7649E+00  4.9678E-04
  8.7768E+00  4.3797E-04
  8.7887E+00  4.4705E-04
  8.8006E+00  5.1009E-04
  8.8125E+00  6.0923E-04
  8.8244E+00  7.2504E-04
  8.8363E+00  8.3875E-04
  8.8482E+00  9.3432E-04
  8.8602E+00  9.9989E-04
  8.8721E+00  1.0287E-03
  8.8840E+00  1.0194E-03
  8.8959E+00  9.7541E-04
  8.9078E+00  9.0455E-04
  8.9197E+00  8.1720E-04
  8.9316E+00  7.2512E-04
  8.9435E+00  6.3977E-04
  8.9554E+00  5.7099E-04
  8.9673E+00  5.2583E-04
  8.9792E+00  5.0785E-04
  8.9912E+00  5.1689E-04
  9.0031E+00  5.4925E-04
  9.0150E+00  5.9833E-04
  9.0269E+00  6.5559E-04
  9.0388E+00  7.1168E-04
  9.0507E+00  7.5760E-04
  9.0626E+00  7.8581E-04
  9.0745E+00  7.9110E-04
  9.0864E+00  7.7109E-04
  9.0983E+00  7.2649E-04
  9.1102E+00  6.6084E-04
  9.1222E+00  5.8006E-04
  9.1341E+00  4.9169E-04
  9.1460E+00  4.0396E-04
  9.1579E+00  3.2483E-04
  9.1698E+00  2.6113E-04
  9.1817E+00  2.1781E-04
  9.1936E+00  1.9745E-04
  9.2055E+00  2.0001E-04
  9.2174E+00  2.2297E-04
  9.2293E+00  2.6167E-04
  9.2412E+00  3.0988E-04
  9.2531E+00  3.6060E-04
  9.2651E+00  4.0683E-04
  9.2770E+00  4.4239E-04
  9.2889E+00  4.6259E-04
  9.3008E+00  4.6466E-04
  9.3127E+00  4.4803E-04
  9.3246E+00  4.1428E-04
  9.3365E+00  3.6686E-04
  9.3484E+00  3.1061E-04
  9.3603E+00  2.5117E-04
  9.3722E+00  1.9426E-04
  9.3841E+00  1.4507E-04
  9.3961E+00  1.0765E-04
  9.4080E+00  8.4531E-05
  9.4199E+00  7.6496E-05
  9.4318E+00  8.2564E-05
  9.4437E+00  1.0019E-04
  9.4556E+00  1.2565E-04
  9.4675E+00  1.5450E-04
  9.4794E+00  1.8217E-04
  9.4913E+00  2.0451E-04
  9.5032E+00  2.1827E-04
  9.5151E+00  2.2151E-04
  9.5271E+00  2.1373E-04
  9.5390E+00  1.9596E-04
  9.5509E+00  1.7053E-04
  9.5628E+00  1.4075E-04
  9.5747E+00  1.1051E-04
  9.5866E+00  8.3704E-05
  9.5985E+00  6.3825E-05
  9.6104E+00  5.3490E-05
  9.6223E+00  5.4163E-05
  9.6342E+00  6.6015E-05
  9.6461E+00  8.7952E-05
  9.6580E+00  1.1781E-04
  9.6700E+00  1.5270E-04
  9.6819E+00  1.8943E-04
  9.6938E+00  2.2497E-04
  9.7057E+00  2.5695E-04
  9.7176E+00  2.8401E-04
  9.7295E+00  3.0609E-04
  9.7414E+00  3.2452E-04
  9.7533E+00  3.4195E-04
  9.7652E+00  3.6208E-04
  9.7771E+00  3.8926E-04
  9.7890E+00  4.2793E-04
  9.8010E+00  4.8207E-04
  9.8129E+00  5.5461E-04
  9.8248E+00  6.4693E-04
  9.8367E+00  7.5854E-04
  9.8486E+00  8.8687E-04
  9.8605E+00  1.0274E-03
  9.8724E+00  1.1737E-03
  9.8843E+00  1.3182E-03
  9.8962E+00  1.4526E-03
  9.9081E+00  1.5685E-03
  9.9200E+00  1.6583E-03
  9.9319E+00  1.7157E-03
  9.9439E+00  1.7365E-03
  9.9558E+00  1.7188E-03
  9.9677E+00  1.6633E-03
  9.9796E+00  1.5732E-03
  9.9915E+00  1.4541E-03
  1.0003E+01  1.3136E-03
  1.0015E+01  1.1602E-03
  1.0027E+01  1.0033E-03
  1.0039E+01  8.5172E-04
  1.0051E+01  7.1351E-04
  1.0063E+01  5.9495E-04
  1.0075E+01  5.0025E-04
  1.0087E+01  4.3132E-04
  1.0099E+01  3.8765E-04
  1.0111E+01  3.6663E-04
  1.0122E+01  3.6389E-04
  1.0134E+01  3.7385E-04
  1.0146E+01  3.9038E-04
  1.0158E+01  4.0746E-04
  1.0170E+01  4.1973E-04
  1.0182E+01  4.2302E-04
  1.0194E+01  4.1470E-04
  1.0206E+01  3.9380E-04
  1.0218E+01  3.6106E-04
  1.0230E+01  3.1864E-04
  1.0242E+01  2.6987E-04
  1.0253E+01  2.1873E-04
  1.0265E+01  1.6940E-04
  1.0277E+01  1.2573E-04
  1.0289E+01  9.0828E-05
  1.0301E+01  6.6719E-05
  1.0313E+01  5.4166E-05
  1.0325E+01  5.2640E-05
  1.0337E+01  6.0445E-05
  1.0349E+01  7.4984E-05
  1.0361E+01  9.3121E-05
  1.0373E+01  1.1159E-04
  1.0384E+01  1.2742E-04
  1.0396E+01  1.3829E-04
  1.0408E+01  1.4278E-04
  1.0420E+01  1.4057E-04
  1.0432E+01  1.3240E-04
  1.0444E+01  1.1998E-04
  1.0456E+01  1.0574E-04
  1.0468E+01  9.2538E-05
  1.0480E+01  8.3265E-05
  1.0492E+01  8.0506E-05
  1.0504E+01  8.6220E-05
  1.0515E+01  1.0152E-04
  1.0527E+01  1.2656E-04
  1.0539E+01  1.6059E-04
  1.0551E+01  2.0205E-04
  1.0563E+01  2.4892E-04
  1.0575E+01  2.9905E-04
  1.0587E+01  3.5054E-04
  1.0599E+01  4.0211E-04
  1.0611E+01  4.5343E-04
  1.0623E+01  5.0532E-04
  1.0635E+01  5.5973E-04
  1.0646E+01  6.1971E-04
  1.0658E+01  6.8904E-04
  1.0670E+01  7.7187E-04
  1.0682E+01  8.7215E-04
  1.0694E+01  9.9309E-04
  1.0706E+01  1.1366E-03
  1.0718E+01  1.3027E-03
  1.0730E+01  1.4895E-03
  1.0742E+01  1.6925E-03
  1.0754E+01  1.9050E-03
  1.0766E+01  2.1186E-03
  1.0777E+01  2.3230E-03
  1.0789E+01  2.5075E-03
  1.0801E+01  2.6611E-03
  1.0813E+01  2.7740E-03
  1.0825E+01  2.8381E-03
  1.0837E+01  2.8479E-03
  1.0849E+01  2.8012E-03
  1.0861E+01  2.6992E-03
  1.0873E+01  2.5466E-03
  1.0885E+01  2.3513E-03
  1.0897E+01  2.1240E-03
  1.0908E+01  1.8774E-03
  1.0920E+01  1.6249E-03
  1.0932E+01  1.3801E-03
  1.0944E+01  1.1552E-03
  1.0956E+01  9.6066E-04
  1.0968E+01  8.0400E-04
  1.0980E+01  6.8949E-04
  1.0992E+01  6.1789E-04
  1.1004E+01  5.8649E-04
  1.1016E+01  5.8950E-04
  1.1028E+01  6.1869E-04
  1.1039E+01  6.6419E-04
  1.1051E+01  7.1548E-04
  1.1063E+01  7.6237E-04
  1.1075E+01  7.9600E-04
  1.1087E+01  8.0959E-04
  1.1099E+01  7.9910E-04
  1.1111E+01  7.6348E-04
  1.1123E+01  7.0474E-04
  1.1135E+01  6.2763E-04
  1.1147E+01  5.3907E-04
  1.1159E+01  4.4746E-04
  1.1170E+01  3.6173E-04
  1.1182E+01  2.9044E-04
  1.1194E+01  2.4094E-04
  1.1206E+01  2.1862E-04
  1.1218E+01  2.2639E-04
  1.1230E+01  2.6440E-04
  1.1242E+01  3.3002E-04
  1.1254E+01  4.1813E-04
  1.1266E+01  5.2160E-04
  1.1278E+01  6.3199E-04
  1.1290E+01  7.4041E-04
  1.1301E+01  8.3838E-04
  1.1313E+01  9.1868E-04
  1.1325E+01  9.7611E-04
  1.1337E+01  1.0081E-03
  1.1349E+01  1.0149E-03
  1.1361E+01  9.9977E-04
  1.1373E+01  9.6873E-04
  1.1385E+01  9.3001E-04
  1.1397E+01  8.9342E-04
  1.1409E+01  8.6956E-04
  1.1421E+01  8.6884E-04
  1.1432E+01  9.0073E-04
  1.1444E+01  9.7286E-04
  1.1456E+01  1.0905E-03
  1.1468E+01  1.2559E-03
  1.1480E+01  1.4685E-03
  1.1492E+01  1.7245E-03
  1.1504E+01  2.0174E-03
  1.1516E+01  2.3381E-03
  1.1528E+01  2.6760E-03
  1.1540E+01  3.0191E-03
  1.1552E+01  3.3552E-03
  1.1563E+01  3.6722E-03
  1.1575E+01  3.9593E-03
  1.1587E+01  4.2071E-03
  1.1599E+01  4.4081E-03
  1.1611E+01  4.5572E-03
  1.1623E+01  4.6516E-03
  1.1635E+01  4.6907E-03
  1.1647E+01  4.6761E-03
  1.1659E+01  4.6109E-03
  1.1671E+01  4.4998E-03
  1.1683E+01  4.3482E-03
  1.1694E+01  4.1624E-03
  1.1706E+01  3.9486E-03
  1.1718E+01  3.7132E-03
  1.1730E+01  3.4620E-03
  1.1742E+01  3.2008E-03
  1.1754E+01  2.9347E-03
  1.1766E+01  2.6683E-03
  1.1778E+01  2.4059E-03
  1.1790E+01  2.1512E-03
  1.1802E+01  1.9077E-03
  1.1814E+01  1.6781E-03
  1.1825E+01  1.4650E-03
  1.1837E+01  1.2704E-03
  1.1849E+01  1.0956E-03
  1.1861E+01  9.4158E-04
  1.1873E+01  8.0844E-04
  1.1885E+01  6.9571E-04
  1.1897E+01  6.0221E-04
  1.1909E+01  5.2618E-04
  1.1921E+01  4.6535E-04
  1.1933E+01  4.1708E-04
  1.1945E+01  3.7857E-04
  1.1956E+01  3.4699E-04
  1.1968E+01  3.1975E-04
  1.1980E+01  2.9458E-04
  1.1992E+01  2.6975E-04
  1.2004E+01  2.4412E-04
  1.2016E+01  2.1719E-04
  1.2028E+01  1.8905E-04
  1.2040E+01  1.6036E-04
  1.2052E+01  1.3213E-04
  1.2064E+01  1.0566E-04
  1.2076E+01  8.2271E-05
  1.2087E+01  6.3175E-05
  1.2099E+01  4.9295E-05
  1.2111E+01  4.1137E-05
  1.2123E+01  3.8723E-05
  1.2135E+01  4.1570E-05
  1.2147E+01  4.8732E-05
  1.2159E+01  5.8900E-05
  1.2171E+01  7.0535E-05
  1.2183E+01  8.2036E-05
  1.2195E+01  9.1904E-05
  1.2207E+01  9.8900E-05
  1.2218E+01  1.0217E-04
  1.2230E+01  1.0132E-04
  1.2242E+01  9.6454E-05
  1.2254E+01  8.8142E-05
  1.2266E+01  7.7346E-05
  1.2278E+01  6.5307E-05
  1.2290E+01  5.3402E-05
  1.2302E+01  4.2985E-05
  1.2314E+01  3.5246E-05
  1.2326E+01  3.1077E-05
  1.2338E+01  3.0980E-05
  1.2349E+01  3.5023E-05
  1.2361E+01  4.2838E-05
  1.2373E+01  5.3674E-05
  1.2385E+01  6.6488E-05
  1.2397E+01  8.0067E-05
  1.2409E+01  9.3169E-05
  1.2421E+01  1.0466E-04
  1.2433E+01  1.1363E-04
  1.2445E+01  1.1948E-04
  1.2457E+01  1.2199E-04
  1.2469E+01  1.2130E-04
  1.2480E+01  1.1787E-04
  1.2492E+01  1.1243E-04
  1.2504E+01  1.0586E-04
  1.2516E+01  9.9074E-05
  1.2528E+01  9.2911E-05
  1.2540E+01  8.8038E-05
  1.2552E+01  8.4875E-05
  1.2564E+01  8.3553E-05
  1.2576E+01  8.3913E-05
  1.2588E+01  8.5543E-05
  1.2600E+01  8.7840E-05
  1.2611E+01  9.0104E-05
  1.2623E+01  9.1637E-05
  1.2635E+01  9.1844E-05
  1.2647E+01  9.0313E-05
  1.2659E+01  8.6878E-05
  1.2671E+01  8.1639E-05
  1.2683E+01  7.4956E-05
  1.2695E+01  6.7397E-05
  1.2707E+01  5.9666E-05
  1.2719E+01  5.2512E-05
  1.2731E+01  4.6628E-05
  1.2742E+01  4.2558E-05
  1.2754E+01  4.0630E-05
  1.2766E+01  4.0906E-05
  1.2778E+01  4.3176E-05
  1.2790E+01  4.6978E-05
  1.2802E+01  5.1658E-05
  1.2814E+01  5.6452E-05
  1.2826E+01  6.0579E-05
  1.2838E+01  6.3349E-05
  1.2850E+01  6.4246E-05
  1.2862E+01  6.3004E-05
  1.2873E+01  5.9638E-05
  1.2885E+01  5.4451E-05
  1.2897E+01  4.7994E-05
  1.2909E+01  4.1001E-05
  1.2921E+01  3.4286E-05
  1.2933E+01  2.8641E-05
  1.2945E+01  2.4730E-05
  1.2957E+01  2.2995E-05
  1.2969E+01  2.3595E-05
  1.2981E+01  2.6386E-05
  1.2993E+01  3.0931E-05
  1.3004E+01  3.6563E-05
  1.3016E+01  4.2470E-05
  1.3028E+01  4.7811E-05
  1.3040E+01  5.1838E-05
  1.3052E+01  5.4004E-05
  1.3064E+01  5.4060E-05
  1.3076E+01  5.2111E-05
  1.3088E+01  4.8626E-05
  1.3100E+01  4.4407E-05
  1.3112E+01  4.0507E-05
  1.3124E+01  3.8116E-05
  1.3135E+01  3.8419E-05
  1.3147E+01  4.2455E-05
  1.3159E+01  5.0984E-05
  1.3171E+01  6.4393E-05
  1.3183E+01  8.2649E-05
  1.3195E+01  1.0532E-04
  1.3207E+01  1.3162E-04
  1.3219E+01  1.6061E-04
  1.3231E+01  1.9130E-04
  1.3243E+01  2.2287E-04
  1.3255E+01  2.5488E-04
  1.3266E+01  2.8741E-04
  1.3278E+01  3.2119E-04
  1.3290E+01  3.5759E-04
  1.3302E+01  3.9861E-04
  1.3314E+01  4.4667E-04
  1.3326E+01  5.0444E-04
  1.3338E+01  5.7448E-04
  1.3350E+01  6.5892E-04
  1.3362E+01  7.5908E-04
  1.3374E+01  8.7516E-04
  1.3386E+01  1.0060E-03
  1.3397E+01  1.1489E-03
  1.3409E+01  1.2997E-03
  1.3421E+01  1.4527E-03
  1.3433E+01  1.6012E-03
  1.3445E+01  1.7381E-03
  1.3457E+01  1.8557E-03
  1.3469E+01  1.9471E-03
  1.3481E+01  2.0065E-03
  1.3493E+01  2.0294E-03
  1.3505E+01  2.0136E-03
  1.3517E+01  1.9590E-03
  1.3528E+01  1.8680E-03
  1.3540E+01  1.7450E-03
  1.3552E+01  1.5966E-03
  1.3564E+01  1.4309E-03
  1.3576E+01  1.2566E-03
  1.3588E+01  1.0830E-03
  1.3600E+01  9.1867E-04
  1.3612E+01  7.7116E-04
  1.3624E+01  6.4630E-04
  1.3636E+01  5.4781E-04
  1.3647E+01  4.7708E-04
  1.3659E+01  4.3315E-04
  1.3671E+01  4.1293E-04
  1.3683E+01  4.1158E-04
  1.3695E+01  4.2305E-04
  1.3707E+01  4.4078E-04
  1.3719E+01  4.5833E-04
  1.3731E+01  4.7005E-04
  1.3743E+01  4.7159E-04
  1.3755E+01  4.6031E-04
  1.3767E+01  4.3541E-04
  1.3778E+01  3.9790E-04
  1.3790E+01  3.5040E-04
  1.3802E+01  2.9672E-04
  1.3814E+01  2.4136E-04
  1.3826E+01  1.8896E-04
  1.3838E+01  1.4369E-04
  1.3850E+01  1.0886E-04
  1.3862E+01  8.6454E-05
  1.3874E+01  7.7039E-05
  1.3886E+01  7.9696E-05
  1.3898E+01  9.2225E-05
  1.3909E+01  1.1149E-04
  1.3921E+01  1.3390E-04
  1.3933E+01  1.5590E-04
  1.3945E+01  1.7459E-04
  1.3957E+01  1.8810E-04
  1.3969E+01  1.9597E-04
  1.3981E+01  1.9929E-04
  1.3993E+01  2.0068E-04
  1.4005E+01  2.0398E-04
  1.4017E+01  2.1393E-04
  1.4029E+01  2.3558E-04
  1.4040E+01  2.7374E-04
  1.4052E+01  3.3245E-04
  1.4064E+01  4.1454E-04
  1.4076E+01  5.2134E-04
  1.4088E+01  6.5266E-04
  1.4100E+01  8.0693E-04
  1.4112E+01  9.8165E-04
  1.4124E+01  1.1739E-03
  1.4136E+01  1.3813E-03
  1.4148E+01  1.6022E-03
  1.4160E+01  1.8371E-03
  1.4171E+01  2.0886E-03
  1.4183E+01  2.3618E-03
  1.4195E+01  2.6642E-03
  1.4207E+01  3.0052E-03
  1.4219E+01  3.3950E-03
  1.4231E+01  3.8439E-03
  1.4243E+01  4.3603E-03
  1.4255E+01  4.9492E-03
  1.4267E+01  5.6113E-03
  1.4279E+01  6.3408E-03
  1.4291E+01  7.1257E-03
  1.4302E+01  7.9463E-03
  1.4314E+01  8.7764E-03
  1.4326E+01  9.5838E-03
  1.4338E+01  1.0332E-02
  1.4350E+01  1.0983E-02
  1.4362E+01  1.1500E-02
  1.4374E+01  1.1847E-02
  1.4386E+01  1.1997E-02
  1.4398E+01  1.1933E-02
  1.4410E+01  1.1646E-02
  1.4422E+01  1.1144E-02
  1.4433E+01  1.0447E-02
  1.4445E+01  9.5860E-03
  1.4457E+01  8.6061E-03
  1.4469E+01  7.5597E-03
  1.4481E+01  6.5045E-03
  1.4493E+01  5.4986E-03
  1.4505E+01  4.5967E-03
  1.4517E+01  3.8457E-03
  1.4529E+01  3.2803E-03
  1.4541E+01  2.9210E-03
  1.4553E+01  2.7721E-03
  1.4564E+01  2.8209E-03
  1.4576E+01  3.0397E-03
  1.4588E+01  3.3872E-03
  1.4600E+01  3.8128E-03
  1.4612E+01  4.2602E-03
  1.4624E+01  4.6731E-03
  1.4636E+01  4.9997E-03
  1.4648E+01  5.1978E-03
  1.4660E+01  5.2385E-03
  1.4672E+01  5.1093E-03
  1.4684E+01  4.8156E-03
  1.4695E+01  4.3807E-03
  1.4707E+01  3.8439E-03
  1.4719E+01  3.2573E-03
  1.4731E+01  2.6814E-03
  1.4743E+01  2.1793E-03
  1.4755E+01  1.8111E-03
  1.4767E+01  1.6280E-03
  1.4779E+01  1.6676E-03
  1.4791E+01  1.9495E-03
  1.4803E+01  2.4741E-03
  1.4815E+01  3.2215E-03
  1.4826E+01  4.1535E-03
  1.4838E+01  5.2171E-03
  1.4850E+01  6.3493E-03
  1.4862E+01  7.4836E-03
  1.4874E+01  8.5567E-03
  1.4886E+01  9.5153E-03
  1.4898E+01  1.0323E-02
  1.4910E+01  1.0965E-02
  1.4922E+01  1.1454E-02
  1.4934E+01  1.1826E-02
  1.4946E+01  1.2149E-02
  1.4957E+01  1.2511E-02
  1.4969E+01  1.3020E-02
  1.4981E+01  1.3792E-02
  1.4993E+01  1.4947E-02
  1.5005E+01  1.6596E-02
  1.5017E+01  1.8832E-02
  1.5029E+01  2.1721E-02
  1.5041E+01  2.5293E-02
  1.5053E+01  2.9539E-02
  1.5065E+01  3.4409E-02
  1.5077E+01  3.9809E-02
  1.5088E+01  4.5606E-02
  1.5100E+01  5.1634E-02
  1.5112E+01  5.7700E-02
  1.5124E+01  6.3598E-02
  1.5136E+01  6.9114E-02
  1.5148E+01  7.4042E-02
  1.5160E+01  7.8194E-02
  1.5172E+01  8.1409E-02
  1.5184E+01  8.3563E-02
  1.5196E+01  8.4577E-02
  1.5208E+01  8.4419E-02
  1.5219E+01  8.3107E-02
  1.5231E+01  8.0705E-02
  1.5243E+01  7.7324E-02
  1.5255E+01  7.3107E-02
  1.5267E+01  6.8226E-02
  1.5279E+01  6.2869E-02
  1.5291E+01  5.7229E-02
  1.5303E+01  5.1495E-02
  1.5315E+01  4.5840E-02
  1.5327E+01  4.0414E-02
  1.5339E+01  3.5340E-02
  1.5350E+01  3.0707E-02
  1.5362E+01  2.6571E-02
  1.5374E+01  2.2958E-02
  1.5386E+01  1.9862E-02
  1.5398E+01  1.7255E-02
  1.5410E+01  1.5088E-02
  1.5422E+01  1.3303E-02
  1.5434E+01  1.1830E-02
  1.5446E+01  1.0603E-02
  1.5458E+01  9.5555E-03
  1.5470E+01  8.6325E-03
  1.5481E+01  7.7882E-03
  1.5493E+01  6.9893E-03
  1.5505E+01  6.2150E-03
  1.5517E+01  5.4564E-03
  1.5529E+01  4.7145E-03
  1.5541E+01  3.9978E-03
  1.5553E+01  3.3196E-03
  1.5565E+01  2.6953E-03
  1.5577E+01  2.1395E-03
  1.5589E+01  1.6642E-03
  1.5601E+01  1.2770E-03
  1.5612E+01  9.8043E-04
  1.5624E+01  7.7147E-04
  1.5636E+01  6.4218E-04
  1.5648E+01  5.8047E-04
  1.5660E+01  5.7134E-04
  1.5672E+01  5.9834E-04
  1.5684E+01  6.4498E-04
  1.5696E+01  6.9611E-04
  1.5708E+01  7.3900E-04
  1.5720E+01  7.6417E-04
  1.5732E+01  7.6581E-04
  1.5743E+01  7.4181E-04
  1.5755E+01  6.9347E-04
  1.5767E+01  6.2489E-04
  1.5779E+01  5.4219E-04
  1.5791E+01  4.5260E-04
  1.5803E+01  3.6348E-04
  1.5815E+01  2.8158E-04
  1.5827E+01  2.1229E-04
  1.5839E+01  1.5928E-04
  1.5851E+01  1.2420E-04
  1.5863E+01  1.0680E-04
  1.5874E+01  1.0510E-04
  1.5886E+01  1.1583E-04
  1.5898E+01  1.3488E-04
  1.5910E+01  1.5786E-04
  1.5922E+01  1.8058E-04
  1.5934E+01  1.9947E-04
  1.5946E+01  2.1194E-04
  1.5958E+01  2.1651E-04
  1.5970E+01  2.1287E-04
  1.5982E+01  2.0181E-04
  1.5994E+01  1.8497E-04
  1.6005E+01  1.6460E-04