  -7.000000      1.3898707E-03
  -6.990000      1.2526346E-03
  -6.980000      1.0963085E-03
  -6.970000      9.2419580E-04
  -6.960000      7.4324408E-04
  -6.950000      5.6797179E-04
  -6.940000      4.0265344E-04
  -6.930000      2.5817307E-04
  -6.920000      1.4450758E-04
  -6.910000      6.4199703E-05
  -6.900000      2.4689340E-05
  -6.890000      2.9054092E-05
  -6.880000      7.9521298E-05
  -6.870000      1.8081670E-04
  -6.860000      3.3059495E-04
  -6.850000      5.1781640E-04
  -6.840000      7.3602248E-04
  -6.830000      9.7717182E-04
  -6.820000      1.2309036E-03
  -6.810000      1.4877233E-03
  -6.800000      1.7380485E-03
  -6.790000      1.9736683E-03
  -6.780000      2.1872176E-03
  -6.770000      2.3738106E-03
  -6.760000      2.5306637E-03
  -6.750000      2.6574119E-03
  -6.740000      2.7565020E-03
  -6.730000      2.8331606E-03
  -6.720000      2.8944395E-03
  -6.710000      2.9494311E-03
  -6.700000      3.0085756E-03
  -6.690000      3.0837206E-03
  -6.680000      3.1869456E-03
  -6.670000      3.3292901E-03
  -6.660000      3.5205202E-03
  -6.650000      3.7683863E-03
  -6.640000      4.0783570E-03
  -6.630000      4.4520837E-03
  -6.620000      4.8877383E-03
  -6.610000      5.3796875E-03
  -6.600000      5.9183333E-03
  -6.590000      6.4898478E-03
  -6.580000      7.0776194E-03
  -6.570000      7.6619671E-03
  -6.560000      8.2201557E-03
  -6.550000      8.7292604E-03
  -6.540000      9.1660619E-03
  -6.530000      9.5079411E-03
  -6.520000      9.7349016E-03
  -6.510000      9.8296544E-03
  -6.500000      9.7796703E-03
  -6.490000      9.5771737E-03
  -6.480000      9.2212874E-03
  -6.470000      8.7163178E-03
  -6.460000      8.0733020E-03
  -6.450000      7.3109954E-03
  -6.440000      6.4524189E-03
  -6.430000      5.5266763E-03
  -6.420000      4.5677959E-03
  -6.410000      3.6124978E-03
  -6.400000      2.6989770E-03
  -6.390000      1.8664045E-03
  -6.380000      1.1517806E-03
  -6.370000      5.9001695E-04
  -6.360000      2.1064893E-04
  -6.350000      3.7215956E-05
  -6.340000      8.5525280E-05
  -6.330000      3.6319342E-04
  -6.320000      8.6753414E-04
  -6.310000      1.5867458E-03
  -6.300000      2.4985508E-03
  -6.290000      3.5721238E-03
  -6.280000      4.7670151E-03
  -6.270000      6.0368092E-03
  -6.260000      7.3285410E-03
  -6.250000      8.5873837E-03
  -6.240000      9.7566973E-03
  -6.230000      1.0781358E-02
  -6.220000      1.1611093E-02
  -6.210000      1.2201549E-02
  -6.200000      1.2517761E-02
  -6.190000      1.2536050E-02
  -6.180000      1.2245104E-02
  -6.170000      1.1649260E-02
  -6.160000      1.0767488E-02
  -6.150000      9.6329721E-03
  -6.140000      8.2963584E-03
  -6.130000      6.8225143E-03
  -6.120000      5.2891425E-03
  -6.110000      3.7856454E-03
  -6.100000      2.4110123E-03
  -6.090000      1.2688183E-03
  -6.080000      4.6741567E-04
  -6.070000      1.1396953E-04
  -6.060000      3.1073741E-04
  -6.050000      1.1526808E-03
  -6.040000      2.7221623E-03
  -6.030000      5.0867358E-03
  -6.020000      8.2949353E-03
  -6.010000      1.2375052E-02
  -6.000000      1.7332682E-02
  -5.990000      2.3146927E-02
  -5.980000      2.9778242E-02
  -5.970000      3.7155721E-02
  -5.960000      4.5192018E-02
  -5.950000      5.3773925E-02
  -5.940000      6.2777586E-02
  -5.930000      7.2051354E-02
  -5.920000      8.1444308E-02
  -5.910000      9.0790957E-02
  -5.900000      9.9929526E-02
  -5.890000      0.1086872    
  -5.880000      0.1169062    
  -5.870000      0.1244311    
  -5.860000      0.1311169    
  -5.850000      0.1368464    
  -5.840000      0.1415046    
  -5.830000      0.1450065    
  -5.820000      0.1473014    
  -5.810000      0.1483433    
  -5.800000      0.1481233    
  -5.790000      0.1466567    
  -5.780000      0.1439945    
  -5.770000      0.1401945    
  -5.760000      0.1353415    
  -5.750000      0.1295527    
  -5.740000      0.1229407    
  -5.730000      0.1156477    
  -5.720000      0.1078152    
  -5.710000      9.9591322E-02
  -5.700000      9.1122724E-02
  -5.690000      8.2558036E-02
  -5.680000      7.4032351E-02
  -5.670000      6.5668762E-02
  -5.660000      5.7591412E-02
  -5.650000      4.9892712E-02
  -5.640000      4.2658802E-02
  -5.630000      3.5954811E-02
  -5.620000      2.9835034E-02
  -5.610000      2.4326328E-02
  -5.600000      1.9445306E-02
  -5.590000      1.5197001E-02
  -5.580000      1.1567852E-02
  -5.570000      8.5313488E-03
  -5.560000      6.0541956E-03
  -5.550000      4.0926146E-03
  -5.540000      2.5971923E-03
  -5.530000      1.5138799E-03
  -5.520000      7.8675663E-04
  -5.510000      3.5846952E-04
  -5.500000      1.7355458E-04
  -5.490000      1.7842640E-04
  -5.480000      3.2391871E-04
  -5.470000      5.6497980E-04
  -5.460000      8.6250581E-04
  -5.450000      1.1830481E-03
  -5.440000      1.4993070E-03
  -5.430000      1.7901052E-03
  -5.420000      2.0394758E-03
  -5.410000      2.2374305E-03
  -5.400000      2.3780484E-03
  -5.390000      2.4597088E-03
  -5.380000      2.4840054E-03
  -5.370000      2.4548785E-03
  -5.360000      2.3784819E-03
  -5.350000      2.2621104E-03
  -5.340000      2.1136648E-03
  -5.330000      1.9412242E-03
  -5.320000      1.7524745E-03
  -5.310000      1.5550333E-03
  -5.300000      1.3552711E-03
  -5.290000      1.1591638E-03
  -5.280000      9.7153842E-04
  -5.270000      7.9621380E-04
  -5.260000      6.3630374E-04
  -5.250000      4.9402687E-04
  -5.240000      3.7115393E-04
  -5.230000      2.6873939E-04
  -5.220000      1.8738201E-04
  -5.210000      1.2743087E-04
  -5.200000      8.8751367E-05
  -5.190000      7.1199065E-05
  -5.180000      7.4339187E-05
  -5.170000      9.7612115E-05
  -5.160000      1.4023890E-04
  -5.150000      2.0115680E-04
  -5.140000      2.7911286E-04
  -5.130000      3.7258019E-04
  -5.120000      4.7981407E-04
  -5.110000      5.9854868E-04
  -5.100000      7.2615093E-04
  -5.090000      8.5983903E-04
  -5.080000      9.9647522E-04
  -5.070000      1.1326218E-03
  -5.060000      1.2647690E-03
  -5.050000      1.3892294E-03
  -5.040000      1.5024125E-03
  -5.030000      1.6009796E-03
  -5.020000      1.6819078E-03
  -5.010000      1.7425752E-03
  -5.000000      1.7809311E-03
  -4.990000      1.7957885E-03
  -4.980000      1.7862151E-03
  -4.970000      1.7524284E-03
  -4.960000      1.6953897E-03
  -4.950000      1.6167682E-03
  -4.940000      1.5189364E-03
  -4.930000      1.4047609E-03
  -4.920000      1.2777416E-03
  -4.910000      1.1415003E-03
  -4.900000      1.0000585E-03
  -4.890000      8.5736247E-04
  -4.880000      7.1731099E-04
  -4.870000      5.8352732E-04
  -4.860000      4.5921942E-04
  -4.850000      3.4716568E-04
  -4.840000      2.4956130E-04
  -4.830000      1.6805135E-04
  -4.820000      1.0365298E-04
  -4.810000      5.6715799E-05
  -4.800000      2.6897196E-05
  -4.790000      1.3516473E-05
  -4.780000      1.5145693E-05
  -4.770000      3.0174691E-05
  -4.760000      5.6562301E-05
  -4.750000      9.2001450E-05
  -4.740000      1.3417468E-04
  -4.730000      1.8057255E-04
  -4.720000      2.2893005E-04
  -4.710000      2.7693633E-04
  -4.700000      3.2262690E-04
  -4.690000      3.6422416E-04
  -4.680000      4.0027453E-04
  -4.670000      4.2957728E-04
  -4.660000      4.5128237E-04
  -4.650000      4.6485194E-04
  -4.640000      4.7002354E-04
  -4.630000      4.6681837E-04
  -4.620000      4.5545990E-04
  -4.610000      4.3652381E-04
  -4.600000      4.1063383E-04
  -4.590000      3.7870638E-04
  -4.580000      3.4175641E-04
  -4.570000      3.0102831E-04
  -4.560000      2.5781972E-04
  -4.550000      2.1360707E-04
  -4.540000      1.6993002E-04
  -4.530000      1.2842818E-04
  -4.520000      9.0783004E-05
  -4.510000      5.8693236E-05
  -4.500000      3.3767967E-05
  -4.490000      1.7548566E-05
  -4.480000      1.1367616E-05
  -4.470000      1.6332599E-05
  -4.460000      3.3150598E-05
  -4.450000      6.2221217E-05
  -4.440000      1.0341651E-04
  -4.430000      1.5611657E-04
  -4.420000      2.1918895E-04
  -4.410000      2.9086717E-04
  -4.400000      3.6896314E-04
  -4.390000      4.5071970E-04
  -4.380000      5.3304259E-04
  -4.370000      6.1251619E-04
  -4.360000      6.8560184E-04
  -4.350000      7.4875040E-04
  -4.340000      7.9858524E-04
  -4.330000      8.3217438E-04
  -4.320000      8.4704917E-04
  -4.310000      8.4156462E-04
  -4.300000      8.1500242E-04
  -4.290000      7.6769554E-04
  -4.280000      7.0109195E-04
  -4.270000      6.1798049E-04
  -4.260000      5.2235171E-04
  -4.250000      4.1928777E-04
  -4.240000      3.1497251E-04
  -4.230000      2.1636033E-04
  -4.220000      1.3097044E-04
  -4.210000      6.6436376E-05
  -4.200000      3.0345440E-05
  -4.190000      2.9636536E-05
  -4.180000      7.0282425E-05
  -4.170000      1.5690656E-04
  -4.160000      2.9247242E-04
  -4.150000      4.7805396E-04
  -4.140000      7.1254320E-04
  -4.130000      9.9234807E-04
  -4.120000      1.3119058E-03
  -4.110000      1.6635580E-03
  -4.100000      2.0373533E-03
  -4.090000      2.4218683E-03
  -4.080000      2.8043727E-03
  -4.070000      3.1712488E-03
  -4.060000      3.5086379E-03
  -4.050000      3.8030385E-03
  -4.040000      4.0420289E-03
  -4.030000      4.2145066E-03
  -4.020000      4.3116165E-03
  -4.010000      4.3275468E-03
  -4.000000      4.2591454E-03
  -3.990000      4.1070385E-03
  -3.980000      3.8759019E-03
  -3.970000      3.5733415E-03
  -3.960000      3.2106824E-03
  -3.950000      2.8027848E-03
  -3.940000      2.3665673E-03
  -3.930000      1.9208632E-03
  -3.920000      1.4852847E-03
  -3.910000      1.0800856E-03
  -3.900000      7.2386465E-04
  -3.890000      4.3399414E-04
  -3.880000      2.2477431E-04
  -3.870000      1.0736669E-04
  -3.860000      8.8816203E-05
  -3.850000      1.7175367E-04
  -3.840000      3.5404490E-04
  -3.830000      6.2905293E-04
  -3.820000      9.8547572E-04
  -3.810000      1.4078623E-03
  -3.800000      1.8775058E-03
  -3.790000      2.3726341E-03
  -3.780000      2.8696975E-03
  -3.770000      3.3445023E-03
  -3.760000      3.7733281E-03
  -3.750000      4.1341828E-03
  -3.740000      4.4077612E-03
  -3.730000      4.5788935E-03
  -3.720000      4.6374965E-03
  -3.710000      4.5786207E-03
  -3.700000      4.4041392E-03
  -3.690000      4.1216253E-03
  -3.680000      3.7446269E-03
  -3.670000      3.2923170E-03
  -3.660000      2.7884720E-03
  -3.650000      2.2600368E-03
  -3.640000      1.7364293E-03
  -3.630000      1.2472413E-03
  -3.620000      8.2153617E-04
  -3.610000      4.8596587E-04
  -3.600000      2.6387678E-04
  -3.590000      1.7335873E-04
  -3.580000      2.2702334E-04
  -3.570000      4.3069376E-04
  -3.560000      7.8333408E-04
  -3.550000      1.2771075E-03
  -3.540000      1.8973561E-03
  -3.530000      2.6234887E-03
  -3.520000      3.4300634E-03
  -3.510000      4.2880313E-03
  -3.500000      5.1668296E-03
  -3.490000      6.0355663E-03
  -3.480000      6.8663037E-03
  -3.470000      7.6358151E-03
  -3.460000      8.3257277E-03
  -3.450000      8.9264270E-03
  -3.440000      9.4382167E-03
  -3.430000      9.8706121E-03
  -3.420000      1.0243536E-02
  -3.410000      1.0586981E-02
  -3.400000      1.0939933E-02
  -3.390000      1.1347469E-02
  -3.380000      1.1860966E-02
  -3.370000      1.2533142E-02
  -3.360000      1.3416258E-02
  -3.350000      1.4559478E-02
  -3.340000      1.6004121E-02
  -3.330000      1.7780747E-02
  -3.320000      1.9909197E-02
  -3.310000      2.2391366E-02
  -3.300000      2.5210047E-02
  -3.290000      2.8328316E-02
  -3.280000      3.1694118E-02
  -3.270000      3.5225883E-02
  -3.260000      3.8831085E-02
  -3.250000      4.2397588E-02
  -3.240000      4.5801535E-02
  -3.230000      4.8912328E-02
  -3.220000      5.1597524E-02
  -3.210000      5.3728547E-02
  -3.200000      5.5189278E-02
  -3.190000      5.5884097E-02
  -3.180000      5.5738941E-02
  -3.170000      5.4708540E-02
  -3.160000      5.2783102E-02
  -3.150000      4.9987171E-02
  -3.140000      4.6381366E-02
  -3.130000      4.2065080E-02
  -3.120000      3.7173234E-02
  -3.110000      3.1867009E-02
  -3.100000      2.6340555E-02
  -3.090000      2.0808294E-02
  -3.080000      1.5498796E-02
  -3.070000      1.0645286E-02
  -3.060000      6.4845555E-03
  -3.050000      3.2357317E-03
  -3.040000      1.0990780E-03
  -3.030000      2.4037629E-04
  -3.020000      7.8248972E-04
  -3.010000      2.7948036E-03
  -3.000000      6.2852721E-03
  -2.990000      1.1198163E-02
  -2.980000      1.7405428E-02
  -2.970000      2.4715425E-02
  -2.960000      3.2868188E-02
  -2.950000      4.1554645E-02
  -2.940000      5.0417524E-02
  -2.930000      5.9081409E-02
  -2.920000      6.7142874E-02
  -2.910000      7.4221201E-02
  -2.900000      7.9950012E-02
  -2.890000      8.4007934E-02
  -2.880000      8.6130060E-02
  -2.870000      8.6127795E-02
  -2.860000      8.3901718E-02
  -2.850000      7.9452336E-02
  -2.840000      7.2902225E-02
  -2.830000      6.4482726E-02
  -2.820000      5.4567076E-02
  -2.810000      4.3667506E-02
  -2.800000      3.2412954E-02
  -2.790000      2.1566449E-02
  -2.780000      1.2003067E-02
  -2.770000      4.6863887E-03
  -2.760000      6.3925504E-04
  -2.750000      9.1512327E-04
  -2.740000      6.5615731E-03
  -2.730000      1.8568335E-02
  -2.720000      3.7848961E-02
  -2.710000      6.5172955E-02
  -2.700000      0.1011840    
  -2.690000      0.1463414    
  -2.680000      0.2008902    
  -2.670000      0.2648689    
  -2.660000      0.3381759    
  -2.650000      0.4204357    
  -2.640000      0.5110893    
  -2.630000      0.6093128    
  -2.620000      0.7141755    
  -2.610000      0.8244374    
  -2.600000      0.9386567    
  -2.590000       1.055155    
  -2.580000       1.172185    
  -2.570000       1.287632    
  -2.560000       1.399382    
  -2.550000       1.505256    
  -2.540000       1.602955    
  -2.530000       1.690356    
  -2.520000       1.765088    
  -2.510000       1.825382    
  -2.500000       1.869955    
  -2.490000       1.898079    
  -2.480000       1.909432    
  -2.470000       1.904117    
  -2.460000       1.882545    
  -2.450000       1.845411    
  -2.440000       1.793802    
  -2.430000       1.729051    
  -2.420000       1.652634    
  -2.410000       1.565914    
  -2.400000       1.470505    
  -2.390000       1.367994    
  -2.380000       1.259953    
  -2.370000       1.148071    
  -2.360000       1.034028    
  -2.350000      0.9194460    
  -2.340000      0.8060953    
  -2.330000      0.6957262    
  -2.320000      0.5899845    
  -2.310000      0.4903571    
  -2.300000      0.3983418    
  -2.290000      0.3150069    
  -2.280000      0.2412478    
  -2.270000      0.1776160    
  -2.260000      0.1243546    
  -2.250000      8.1365533E-02
  -2.240000      4.8289437E-02
  -2.230000      2.4538193E-02
  -2.220000      9.3124574E-03
  -2.210000      1.6499402E-03
  -2.200000      4.8935285E-04
  -2.190000      4.7219666E-03
  -2.180000      1.3260786E-02
  -2.170000      2.4961919E-02
  -2.160000      3.8708389E-02
  -2.150000      5.3633340E-02
  -2.140000      6.8903252E-02
  -2.130000      8.3349861E-02
  -2.120000      9.6047223E-02
  -2.110000      0.1065847    
  -2.100000      0.1142879    
  -2.090000      0.1189568    
  -2.080000      0.1209059    
  -2.070000      0.1202843    
  -2.060000      0.1174190    
  -2.050000      0.1128299    
  -2.040000      0.1070158    
  -2.030000      9.9704213E-02
  -2.020000      8.9252494E-02
  -2.010000      7.4523173E-02
  -2.000000      5.7417322E-02
  -1.990000      4.1609850E-02
  -1.980000      2.9604008E-02
  -1.970000      2.0831028E-02
  -1.960000      1.4004101E-02
  -1.950000      8.4343348E-03
  -1.940000      3.8387654E-03
  -1.930000      9.1219507E-04
  -1.920000      1.4241457E-04
  -1.910000      1.2553895E-03
  -1.900000      4.4650291E-03
  -1.890000      1.2639326E-02
  -1.880000      2.9716682E-02
  -1.870000      4.2185191E-02
  -1.860000      4.1177690E-02
  -1.850000      4.0847763E-02
  -1.840000      4.3039277E-02
  -1.830000      4.9847368E-02
  -1.820000      6.9151208E-02
  -1.810000      9.7215801E-02
  -1.800000      0.1080657    
  -1.790000      8.3355300E-02
  -1.780000      4.9480386E-02
  -1.770000      3.3939417E-02
  -1.760000      3.0284649E-02
  -1.750000      3.7067141E-02
  -1.740000      5.7166319E-02
  -1.730000      8.8764317E-02
  -1.720000      0.1252265    
  -1.710000      0.1185585    
  -1.700000      6.6946991E-02
  -1.690000      2.9350273E-02
  -1.680000      2.5117446E-02
  -1.670000      2.6266236E-02
  -1.660000      2.4995752E-02
  -1.650000      3.7317161E-02
  -1.640000      5.2813023E-02
  -1.630000      8.0100395E-02
  -1.620000      0.1141954    
  -1.610000      8.3428957E-02
  -1.600000      2.9334940E-02
  -1.590000      1.0002867E-02
  -1.580000      6.6247876E-03
  -1.570000      5.2958364E-03
  -1.560000      3.7919814E-03
  -1.550000      2.3210673E-03
  -1.540000      1.9734828E-03
  -1.530000      1.7466900E-03
  -1.520000      2.4211206E-03
  -1.510000      3.6314477E-03
  -1.500000      4.9696597E-03
  -1.490000      6.3322186E-03
  -1.480000      5.6087901E-03
  -1.470000      2.7696576E-03
  -1.460000      1.1277382E-03
  -1.450000      6.6213281E-04
  -1.440000      5.2151136E-04
  -1.430000      4.6479490E-04
  -1.420000      4.1039431E-04
  -1.410000      4.1463049E-04
  -1.400000      6.6838798E-04
  -1.390000      8.5171813E-04
  -1.380000      8.0007466E-04
  -1.370000      9.5282239E-04
  -1.360000      9.6933445E-04
  -1.350000      4.0220964E-04
  -1.340000      8.4308238E-05
  -1.330000      2.5824789E-05
  -1.320000      1.9021107E-05
  -1.310000      1.5097356E-05
  -1.300000      6.5346162E-06
  -1.290000      3.6117613E-06
  -1.280000      4.0146920E-06
  -1.270000      6.3016510E-06
  -1.260000      1.0205330E-05
  -1.250000      1.5165566E-05
  -1.240000      2.0980251E-05
  -1.230000      2.7529344E-05
  -1.220000      3.5032681E-05
  -1.210000      4.4113160E-05
  -1.200000      5.4799391E-05
  -1.190000      6.6791777E-05
  -1.180000      7.7124037E-05
  -1.170000      8.9413508E-05
  -1.160000      7.8296805E-05
  -1.150000      6.8644440E-05
  -1.140000      8.2007842E-04
  -1.130000      5.2532963E-03
  -1.120000      1.2093437E-02
  -1.110000      1.3297479E-02
  -1.100000      1.2329566E-02
  -1.090000      3.6372812E-03
  -1.080000      4.8799324E-04
  -1.070000      1.6219579E-04
  -1.060000      2.0861615E-04
  -1.050000      8.0277858E-04
  -1.040000      2.9001066E-03
  -1.030000      6.3213892E-03
  -1.020000      5.5065630E-03
  -1.010000      1.5688724E-03
  -1.000000      2.2443097E-04
 -0.9900000      2.0374214E-04
 -0.9800000      1.7172906E-04
 -0.9700000      7.5597680E-05
 -0.9600000      5.3494146E-05
 -0.9500000      6.3553423E-05
 -0.9400000      2.0160036E-04
 -0.9300000      2.3860732E-04
 -0.9200000      3.9088794E-05
 -0.9100000      2.1036543E-05
 -0.9000000      2.8453160E-05
 -0.8900000      1.5192699E-05
 -0.8800000      1.4651489E-05
 -0.8700000      1.4228696E-05
 -0.8600000      1.3378665E-05
 -0.8500000      3.9124603E-05
 -0.8400000      3.7838181E-05
 -0.8300000      9.0472298E-05
 -0.8200000      1.9956721E-04
 -0.8100000      3.0268007E-04
 -0.8000000      2.4611226E-04
 -0.7900000      1.1817435E-04
 -0.7800000      7.3315881E-05
 -0.7700000      7.5469186E-05
 -0.7600000      7.0797876E-05
 -0.7500000      9.4250616E-05
 -0.7400000      8.9643196E-05
 -0.7300000      7.0870519E-05
 -0.7200000      6.9305104E-05
 -0.7100000      6.8178895E-05
 -0.7000000      1.7322548E-04
 -0.6900000      2.2523438E-04
 -0.6800000      1.2074481E-04
 -0.6700000      1.4740496E-04
 -0.6600000      1.2241278E-04
 -0.6500000      1.0956379E-04
 -0.6400000      1.8440226E-04
 -0.6300000      1.0648405E-04
 -0.6200000      4.8230111E-05
 -0.6100000      5.5268825E-05
 -0.6000000      7.2639275E-05
 -0.5900000      3.6225003E-05
 -0.5800000      1.2678076E-05
 -0.5700000      1.0133297E-04
 -0.5600000      1.0630600E-04
 -0.5500000      1.7667888E-05
 -0.5400000      1.0624057E-05
 -0.5300000      8.7390494E-05
 -0.5200000      2.0524504E-04
 -0.5100000      7.4374017E-05
 -0.5000000      2.7577344E-05
 -0.4900000      2.0128755E-05
 -0.4800000      7.7049248E-05
 -0.4700000      4.8322606E-04
 -0.4600000      4.1259074E-04
 -0.4500000      5.5056589E-05
 -0.4400000      2.8845694E-05
 -0.4300000      3.0520008E-05
 -0.4200000      3.4201406E-05
 -0.4100000      1.3924838E-04
 -0.4000000      4.8690377E-04
 -0.3900000      2.4486106E-04
 -0.3800000      4.3766126E-05
 -0.3700000      2.3424735E-05
 -0.3600000      2.1243337E-05
 -0.3500000      1.8417324E-05
 -0.3400000      1.5480102E-05
 -0.3300000      1.3501849E-05
 -0.3200000      1.2767761E-05
 -0.3100000      1.8944245E-05
 -0.3000000      7.5255477E-05
 -0.2900000      2.9506633E-04
 -0.2800000      3.1756700E-04
 -0.2700000      7.8175639E-05
 -0.2600000      3.4570785E-05
 -0.2500000      3.0980060E-05
 -0.2400000      3.3025219E-05
 -0.2300000      3.6450885E-05
 -0.2200000      4.0476360E-05
 -0.2100000      4.4736305E-05
 -0.2000000      4.9398077E-05
 -0.1900000      5.3548923E-05
 -0.1800000      5.6930912E-05
 -0.1700000      5.9868944E-05
 -0.1600000      6.2147221E-05
 -0.1500000      6.3702500E-05
 -0.1400000      6.5019245E-05
 -0.1300000      6.6038672E-05
 -0.1200000      6.6668581E-05
 -0.1100000      6.7235858E-05
 -0.1000000      6.8238791E-05
 -9.0000004E-02  7.7303957E-05
 -7.9999998E-02  1.5099037E-04
 -7.0000000E-02  2.0419540E-04
 -5.9999999E-02  1.3409517E-04
 -5.0000001E-02  1.0222511E-04
 -3.9999999E-02  9.8709803E-05
 -2.9999999E-02  1.0357987E-04
 -2.0000000E-02  1.1054970E-04
 -9.9999998E-03  1.1973175E-04
  0.0000000E+00  1.3064682E-04
  9.9999998E-03  1.3750071E-04
  2.0000000E-02  1.4241261E-04
  2.9999999E-02  3.1968905E-04
  3.9999999E-02  2.0335226E-03
  5.0000001E-02  3.0578740E-03
  5.9999999E-02  6.6002196E-04
  7.0000000E-02  2.0245874E-04
  7.9999998E-02  1.9249711E-04
  9.0000004E-02  1.8119795E-04
  0.1000000      1.9795701E-04
  0.1100000      1.2268715E-03
  0.1200000      4.6231686E-03
  0.1300000      1.6172372E-03
  0.1400000      1.7433662E-04
  0.1500000      1.2442173E-04
  0.1600000      1.4501970E-04
  0.1700000      1.5903921E-04
  0.1800000      2.0162654E-04
  0.1900000      1.3754360E-04
  0.2000000      6.6257577E-05
  0.2100000      4.5433066E-05
  0.2200000      1.1015270E-04
  0.2300000      5.3377100E-04
  0.2400000      3.2073964E-04
  0.2500000      4.5845532E-05
  0.2600000      1.4457903E-04
  0.2700000      5.8500684E-04
  0.2800000      5.1399745E-04
  0.2900000      2.7207177E-04
  0.3000000      2.8208570E-04
  0.3100000      7.7717984E-04
  0.3200000      1.4199568E-03
  0.3300000      7.2475424E-04
  0.3400000      6.0139626E-04
  0.3500000      1.0831954E-03
  0.3600000      1.2481917E-03
  0.3700000      7.0474908E-04
  0.3800000      1.9713517E-03
  0.3900000      2.3032548E-03
  0.4000000      7.0037856E-04
  0.4100000      5.1668053E-04
  0.4200000      9.5023884E-04
  0.4300000      8.0134877E-04
  0.4400000      8.6732383E-04
  0.4500000      2.6955120E-03
  0.4600000      1.1063749E-03
  0.4700000      3.6283070E-04
  0.4800000      4.1523989E-04
  0.4900000      2.4487061E-04
  0.5000000      3.8300469E-04
  0.5100000      3.3667748E-04
  0.5200000      2.6998288E-04
  0.5300000      6.1475305E-04
  0.5400000      3.2591398E-04
  0.5500000      1.2415514E-03
  0.5600000      1.8829448E-03
  0.5700000      1.0468609E-03
  0.5800000      7.2379336E-03
  0.5900000      5.6935307E-03
  0.6000000      1.2558488E-03
  0.6100000      2.0563379E-03
  0.6200000      4.7846171E-03
  0.6300000      5.0862622E-03
  0.6400000      3.4091468E-03
  0.6500000      8.3870413E-03
  0.6600000      8.7095266E-03
  0.6700000      8.0327364E-03
  0.6800000      3.8530137E-03
  0.6900000      5.9298715E-03
  0.7000000      3.5449103E-02
  0.7100000      6.4587407E-02
  0.7200000      1.5379878E-02
  0.7300000      3.9062148E-03
  0.7400000      3.9696433E-03
  0.7500000      4.5229988E-03
  0.7600000      5.2471464E-03
  0.7700000      1.0845603E-02
  0.7800000      2.2802722E-02
  0.7900000      3.2692526E-02
  0.8000000      2.8389977E-02
  0.8100000      1.8726988E-02
  0.8200000      1.4577018E-02
  0.8300000      1.2684719E-02
  0.8400000      1.2283280E-02
  0.8500000      1.1018231E-02
  0.8600000      1.0481314E-02
  0.8700000      1.0614913E-02
  0.8800000      7.7031250E-03
  0.8900000      6.2815249E-03
  0.9000000      5.3253919E-03
  0.9100000      4.9894257E-03
  0.9200000      4.9212910E-03
  0.9300000      6.4775124E-03
  0.9400000      1.8301096E-02
  0.9500000      2.0660473E-02
  0.9600000      5.3366441E-03
  0.9700000      3.1472906E-03
  0.9800000      3.4560063E-03
  0.9900000      2.5470280E-03
   1.000000      3.4698860E-03
   1.010000      8.3802659E-03
   1.020000      5.5208728E-03
   1.030000      4.3906351E-03
   1.040000      2.0302576E-03
   1.050000      1.2104976E-03
   1.060000      7.1092206E-04
   1.070000      7.6009269E-04
   1.080000      2.1475249E-03
   1.090000      1.7809543E-03
   1.100000      1.3456828E-03
   1.110000      1.6866522E-03
   1.120000      5.5600400E-03
   1.130000      3.6022326E-03
   1.140000      1.8412101E-03
   1.150000      1.7964322E-03
   1.160000      9.5434254E-03
   1.170000      2.0859540E-02
   1.180000      4.0788349E-02
   1.190000      0.1719687    
   1.200000      0.1096153    
   1.210000      3.7627351E-02
   1.220000      8.1414767E-02
   1.230000      3.2727316E-02
   1.240000      2.0385564E-03
   1.250000      2.5249971E-03
   1.260000      7.1578673E-03
   1.270000      3.8727901E-03
   1.280000      1.8511637E-03
   1.290000      1.3742328E-03
   1.300000      6.2212290E-04
   1.310000      2.4511566E-04
   1.320000      2.9910993E-04
   1.330000      7.3899177E-04
   1.340000      9.6981507E-04
   1.350000      9.7556360E-04
   1.360000      5.5034587E-04
   1.370000      6.1926158E-04
   1.380000      6.2711309E-03
   1.390000      2.9369395E-02
   1.400000      3.6971658E-02
   1.410000      1.8290792E-02
   1.420000      5.7858471E-03
   1.430000      3.5517963E-03
   1.440000      6.2863501E-03
   1.450000      1.5651725E-02
   1.460000      2.4618022E-02
   1.470000      1.8224768E-02
   1.480000      7.8550223E-03
   1.490000      4.6045715E-03
   1.500000      3.6300735E-03
   1.510000      3.7665416E-03
   1.520000      4.9605886E-03
   1.530000      6.4364728E-03
   1.540000      7.8550000E-03
   1.550000      9.2458436E-03
   1.560000      1.1848806E-02
   1.570000      2.0474080E-02
   1.580000      6.0336620E-02
   1.590000      0.1505452    
   1.600000      0.1557203    
   1.610000      6.8951778E-02
   1.620000      2.9957086E-02
   1.630000      1.9993776E-02
   1.640000      1.5165350E-02
   1.650000      1.2712196E-02
   1.660000      1.2100706E-02
   1.670000      1.3216130E-02
   1.680000      2.1170339E-02
   1.690000      4.7891442E-02
   1.700000      7.2967678E-02
   1.710000      6.5280527E-02
   1.720000      3.9042972E-02
   1.730000      2.0716175E-02
   1.740000      1.0959725E-02
   1.750000      6.8366122E-03
   1.760000      5.9535471E-03
   1.770000      7.6401234E-03
   1.780000      1.2600254E-02
   1.790000      1.5582257E-02
   1.800000      1.2044280E-02
   1.810000      5.9757591E-03
   1.820000      3.3178625E-03
   1.830000      2.6479317E-03
   1.840000      2.2180947E-03
   1.850000      1.7438221E-03
   1.860000      1.0907353E-03
   1.870000      5.2245473E-04
   1.880000      2.6300098E-04
   1.890000      2.4261643E-04
   1.900000      3.8049708E-04
   1.910000      6.3605944E-04
   1.920000      9.8393578E-04
   1.930000      1.4215350E-03
   1.940000      2.0334648E-03
   1.950000      2.6684669E-03
   1.960000      3.0021495E-03
   1.970000      3.1468882E-03
   1.980000      3.3737600E-03
   1.990000      3.7149317E-03
   2.000000      4.1136597E-03
   2.010000      4.3685529E-03
   2.020000      4.3453984E-03
   2.030000      4.1453140E-03
   2.040000      3.8905095E-03
   2.050000      3.5807306E-03
   2.060000      3.2068067E-03
   2.070000      2.7838186E-03
   2.080000      2.3290983E-03
   2.090000      1.8633088E-03
   2.100000      1.4102936E-03
   2.110000      9.9058601E-04
   2.120000      6.2663422E-04
   2.130000      3.4117236E-04
   2.140000      1.4999468E-04
   2.150000      6.1499573E-05
   2.160000      7.9930629E-05
   2.170000      2.0507317E-04
   2.180000      4.3237893E-04
   2.190000      7.5187365E-04
   2.200000      1.1483568E-03
   2.210000      1.6061097E-03
   2.220000      2.1066505E-03
   2.230000      2.6266146E-03
   2.240000      3.1399382E-03
   2.250000      3.6216425E-03
   2.260000      4.0460592E-03
   2.270000      4.3889424E-03
   2.280000      4.6301712E-03
   2.290000      4.7543854E-03
   2.300000      4.7524814E-03
   2.310000      4.6228277E-03
   2.320000      4.3711937E-03
   2.330000      4.0104492E-03
   2.340000      3.5593142E-03
   2.350000      3.0420318E-03
   2.360000      2.4867116E-03
   2.370000      1.9237394E-03
   2.380000      1.3843039E-03
   2.390000      9.0017833E-04
   2.400000      5.0143781E-04
   2.410000      2.1626722E-04
   2.420000      6.9147121E-05
   2.430000      8.0213962E-05
   2.440000      2.6362645E-04
   2.450000      6.2679738E-04
   2.460000      1.1693848E-03
   2.470000      1.8825221E-03
   2.480000      2.7485855E-03
   2.490000      3.7414886E-03
   2.500000      4.8281141E-03
   2.510000      5.9692184E-03
   2.520000      7.1204915E-03
   2.530000      8.2377456E-03
   2.540000      9.2782015E-03
   2.550000      1.0199816E-02
   2.560000      1.0965363E-02
   2.570000      1.1544491E-02
   2.580000      1.1913857E-02
   2.590000      1.2058172E-02
   2.600000      1.1972156E-02
   2.610000      1.1657261E-02
   2.620000      1.1125368E-02
   2.630000      1.0396456E-02
   2.640000      9.4983093E-03
   2.650000      8.4646251E-03
   2.660000      7.3361374E-03
   2.670000      6.1577992E-03
   2.680000      4.9771331E-03
   2.690000      3.8415147E-03
   2.700000      2.7981617E-03
   2.710000      1.8906168E-03
   2.720000      1.1559691E-03
   2.730000      6.2325323E-04
   2.740000      3.1271263E-04
   2.750000      2.3331586E-04
   2.760000      3.8328281E-04
   2.770000      7.4961007E-04
   2.780000      1.3089777E-03
   2.790000      2.0295396E-03
   2.800000      2.8718724E-03
   2.810000      3.7913141E-03
   2.820000      4.7404100E-03
   2.830000      5.6716385E-03
   2.840000      6.5377476E-03
   2.850000      7.2952416E-03
   2.860000      7.9072453E-03
   2.870000      8.3426461E-03
   2.880000      8.5793417E-03
   2.890000      8.6046578E-03
   2.900000      8.4163202E-03
   2.910000      8.0226790E-03
   2.920000      7.4424548E-03
   2.930000      6.7044515E-03
   2.940000      5.8450447E-03
   2.950000      4.9092146E-03
   2.960000      3.9447686E-03
   2.970000      3.0027379E-03
   2.980000      2.1330079E-03
   2.990000      1.3828009E-03
   3.000000      7.9294079E-04
   3.010000      3.9683806E-04
   3.020000      2.1793555E-04
   3.030000      2.6930752E-04
   3.040000      5.5287802E-04
   3.050000      1.0594158E-03
   3.060000      1.7696494E-03
   3.070000      2.6548887E-03
   3.080000      3.6798560E-03
   3.090000      4.8026945E-03
   3.100000      5.9795938E-03
   3.110000      7.1657104E-03
   3.120000      8.3177546E-03
   3.130000      9.3966918E-03
   3.140000      1.0371043E-02
   3.150000      1.1216927E-02
   3.160000      1.1921277E-02
   3.170000      1.2483068E-02
   3.180000      1.2913498E-02
   3.190000      1.3235171E-02
   3.200000      1.3482786E-02
   3.210000      1.3700862E-02
   3.220000      1.3940358E-02
   3.230000      1.4257725E-02
   3.240000      1.4710024E-02
   3.250000      1.5352405E-02
   3.260000      1.6233400E-02
   3.270000      1.7393481E-02
   3.280000      1.8858993E-02
   3.290000      2.0642003E-02
   3.300000      2.2738637E-02
   3.310000      2.5126362E-02
   3.320000      2.7763370E-02
   3.330000      3.0591324E-02
   3.340000      3.3533260E-02
   3.350000      3.6500718E-02
   3.360000      3.9389938E-02
   3.370000      4.2094991E-02
   3.380000      4.4498272E-02
   3.390000      4.6490628E-02
   3.400000      4.7967140E-02
   3.410000      4.8834063E-02
   3.420000      4.9019095E-02
   3.430000      4.8470858E-02
   3.440000      4.7162954E-02
   3.450000      4.5103204E-02
   3.460000      4.2330600E-02
   3.470000      3.8912505E-02
   3.480000      3.4949396E-02
   3.490000      3.0574461E-02
   3.500000      2.5936233E-02
   3.510000      2.1202443E-02
   3.520000      1.6555173E-02
   3.530000      1.2177831E-02
   3.540000      8.2511166E-03
   3.550000      4.9434351E-03
   3.560000      2.4046144E-03
   3.570000      7.5943395E-04
   3.580000      9.9947298E-05
   3.590000      4.8237588E-04
   3.600000      1.9233361E-03
   3.610000      4.3939585E-03
   3.620000      7.8240633E-03
   3.630000      1.2096168E-02
   3.640000      1.7054724E-02
   3.650000      2.2506770E-02
   3.660000      2.8231870E-02
   3.670000      3.3982892E-02
   3.680000      3.9504044E-02
   3.690000      4.4536274E-02
   3.700000      4.8833493E-02
   3.710000      5.2172456E-02
   3.720000      5.4368436E-02
   3.730000      5.5275355E-02
   3.740000      5.4812215E-02
   3.750000      5.2953579E-02
   3.760000      4.9745832E-02
   3.770000      4.5308240E-02
   3.780000      3.9827872E-02
   3.790000      3.3560589E-02
   3.800000      2.6826387E-02
   3.810000      2.0002183E-02
   3.820000      1.3512727E-02
   3.830000      7.8126239E-03
   3.840000      3.3839794E-03
   3.850000      7.1627297E-04
   3.860000      2.8989228E-04
   3.870000      2.5646656E-03
   3.880000      7.9597905E-03
   3.890000      1.6836736E-02
   3.900000      2.9481074E-02
   3.910000      4.6104029E-02
   3.920000      6.6796064E-02
   3.930000      9.1575496E-02
   3.940000      0.1203013    
   3.950000      0.1527518    
   3.960000      0.1885808    
   3.970000      0.2273426    
   3.980000      0.2684609    
   3.990000      0.3113291    
   4.000000      0.3552603    
   4.010000      0.3994882    
   4.020000      0.4432369    
   4.030000      0.4857633    
   4.040000      0.5262403    
   4.050000      0.5639814    
   4.060000      0.5982556    
   4.070000      0.6284637    
   4.080000      0.6540154    
   4.090000      0.6744701    
   4.100000      0.6894587    
   4.110000      0.6986915    
   4.120000      0.7020451    
   4.130000      0.6994871    
   4.140000      0.6910608    
   4.150000      0.6769777    
   4.160000      0.6575810    
   4.170000      0.6331993    
   4.180000      0.6043746    
   4.190000      0.5717103    
   4.200000      0.5358222    
   4.210000      0.4974156    
   4.220000      0.4571829    
   4.230000      0.4158927    
   4.240000      0.3742256    
   4.250000      0.3328876    
   4.260000      0.2925059    
   4.270000      0.2536422    
   4.280000      0.2168208    
   4.290000      0.1824333    
   4.300000      0.1508251    
   4.310000      0.1222498    
   4.320000      9.6834205E-02
   4.330000      7.4674457E-02
   4.340000      5.5732280E-02
   4.350000      3.9960351E-02
   4.360000      2.7199237E-02
   4.370000      1.7256303E-02
   4.380000      9.8875267E-03
   4.390000      4.8195324E-03
   4.400000      1.7513884E-03
   4.410000      3.7423102E-04
   4.420000      3.7319431E-04
   4.430000      1.4387047E-03
   4.440000      3.2729506E-03
   4.450000      5.6025628E-03
   4.460000      8.1791952E-03
   4.470000      1.0786967E-02
   4.480000      1.3246615E-02
   4.490000      1.5413490E-02
   4.500000      1.7180666E-02
   4.510000      1.8478336E-02
   4.520000      1.9269124E-02
   4.530000      1.9547576E-02
   4.540000      1.9334111E-02
   4.550000      1.8669469E-02
   4.560000      1.7614678E-02
   4.570000      1.6240118E-02
   4.580000      1.4625696E-02
   4.590000      1.2850628E-02
   4.600000      1.0999508E-02
   4.610000      9.1452878E-03
   4.620000      7.3597273E-03
   4.630000      5.7000471E-03
   4.640000      4.2154617E-03
   4.650000      2.9427682E-03
   4.660000      1.9055243E-03
   4.670000      1.1163539E-03
   4.680000      5.7456986E-04
   4.690000      2.7140413E-04
   4.700000      1.8778459E-04
   4.710000      2.9712165E-04
   4.720000      5.6820031E-04
   4.730000      9.6601062E-04
   4.740000      1.4532163E-03
   4.750000      1.9940468E-03
   4.760000      2.5532993E-03
   4.770000      3.0994383E-03
   4.780000      3.6049967E-03
   4.790000      4.0470259E-03
   4.800000      4.4086422E-03
   4.810000      4.6773697E-03
   4.820000      4.8474059E-03
   4.830000      4.9168295E-03
   4.840000      4.8885117E-03
   4.850000      4.7694580E-03
   4.860000      4.5694914E-03
   4.870000      4.3012952E-03
   4.880000      3.9783660E-03
   4.890000      3.6156157E-03
   4.900000      3.2277913E-03
   4.910000      2.8288474E-03
   4.920000      2.4321105E-03
   4.930000      2.0488729E-03
   4.940000      1.6896798E-03
   4.950000      1.3622073E-03
   4.960000      1.0718608E-03
   4.970000      8.2260970E-04
   4.980000      6.1597896E-04
   4.990000      4.5202032E-04
   5.000000      3.2919968E-04
   5.010000      2.4448693E-04
   5.020000      1.9381131E-04
   5.030000      1.7267540E-04
   5.040000      1.7619482E-04
   5.050000      1.9914724E-04
   5.060000      2.3699978E-04
   5.070000      2.8428627E-04
   5.080000      3.3687180E-04
   5.090000      3.9123403E-04
   5.100000      4.4436601E-04
   5.110000      4.9319240E-04
   5.120000      5.3704326E-04
   5.130000      5.7267601E-04
   5.140000      6.0008880E-04
   5.150000      6.1902177E-04
   5.160000      6.2937004E-04
   5.170000      6.3078565E-04
   5.180000      6.2554743E-04
   5.190000      6.1187497E-04
   5.200000      5.9175637E-04
   5.210000      5.6622818E-04
   5.220000      5.3533405E-04
   5.230000      5.0203491E-04
   5.240000      4.6494466E-04
   5.250000      4.2597341E-04
   5.260000      3.8605847E-04
   5.270000      3.4590013E-04
   5.280000      3.0602905E-04
   5.290000      2.6852297E-04
   5.300000      2.3248172E-04
   5.310000      1.9913970E-04
   5.320000      1.6910316E-04
   5.330000      1.4272169E-04
   5.340000      1.2001873E-04
   5.350000      1.0192490E-04
   5.360000      8.7864522E-05
   5.370000      7.8021789E-05
   5.380000      7.2248156E-05
   5.390000      7.0238442E-05
   5.400000      7.1548333E-05
   5.410000      7.5752025E-05
   5.420000      8.2241924E-05
   5.430000      9.0375259E-05
   5.440000      9.9557656E-05
   5.450000      1.0908255E-04
   5.460000      1.1838318E-04
   5.470000      1.2687423E-04
   5.480000      1.3404715E-04
   5.490000      1.3951321E-04
   5.500000      1.4298722E-04
   5.510000      1.4412786E-04
   5.520000      1.4318267E-04
   5.530000      1.3994981E-04
   5.540000      1.3461594E-04
   5.550000      1.2741375E-04
   5.560000      1.1844406E-04
   5.570000      1.0839050E-04
   5.580000      9.7349875E-05
   5.590000      8.5743864E-05
   5.600000      7.3948140E-05
   5.610000      6.2292951E-05
   5.620000      5.1073031E-05
   5.630000      4.0790852E-05
   5.640000      3.1616084E-05
   5.650000      2.3886541E-05
   5.660000      1.7911227E-05
   5.670000      1.3990935E-05
   5.680000      1.2439006E-05
   5.690000      1.3620527E-05
   5.700000      1.7864000E-05
   5.710000      2.5559060E-05
   5.720000      3.7053203E-05
   5.730000      5.2697545E-05
   5.740000      7.2785115E-05
   5.750000      9.7582648E-05
   5.760000      1.2719375E-04
   5.770000      1.6165331E-04
   5.780000      2.0078910E-04
   5.790000      2.4420323E-04
   5.800000      2.9145431E-04
   5.810000      3.4169908E-04
   5.820000      3.9391563E-04
   5.830000      4.4691534E-04
   5.840000      4.9928861E-04
   5.850000      5.4941460E-04
   5.860000      5.9572904E-04
   5.870000      6.3654414E-04
   5.880000      6.7013816E-04
   5.890000      6.9503067E-04
   5.900000      7.0982747E-04
   5.910000      7.1355369E-04
   5.920000      7.0549967E-04
   5.930000      6.8540731E-04
   5.940000      6.5348891E-04
   5.950000      6.1046594E-04
   5.960000      5.5763556E-04
   5.970000      4.9675774E-04
   5.980000      4.3006640E-04
   5.990000      3.6016584E-04
   6.000000      2.9000899E-04
   6.010000      2.2262400E-04
   6.020000      1.6114557E-04
   6.030000      1.0857249E-04
   6.040000      6.7596076E-05
   6.050000      4.0526364E-05
   6.060000      2.9100414E-05
   6.070000      3.4391749E-05
   6.080000      5.6720230E-05
   6.090000      9.5633033E-05
   6.100000      1.4984827E-04
   6.110000      2.1728336E-04
   6.120000      2.9522716E-04
   6.130000      3.8028584E-04
   6.140000      4.6864929E-04
   6.150000      5.5622723E-04
   6.160000      6.3881039E-04
   6.170000      7.1226165E-04
   6.180000      7.7291200E-04
   6.190000      8.1751111E-04
   6.200000      8.4353256E-04
   6.210000      8.4937783E-04
   6.220000      8.3443092E-04
   6.230000      7.9913961E-04
   6.240000      7.4509048E-04
   6.250000      6.7485758E-04
   6.260000      5.9204799E-04
   6.270000      5.0104887E-04
   6.280000      4.0680848E-04
   6.290000      3.1473406E-04
   6.300000      2.3023642E-04
   6.310000      1.5864430E-04
   6.320000      1.0471006E-04
   6.330000      7.2534873E-05
   6.340000      6.5196051E-05
   6.350000      8.4718726E-05
   6.360000      1.3177071E-04
   6.370000      2.0576888E-04
   6.380000      3.0482843E-04
   6.390000      4.2590479E-04
   6.400000      5.6482822E-04
   6.410000      7.1679731E-04
   6.420000      8.7639119E-04
   6.430000      1.0381639E-03
   6.440000      1.1968345E-03
   6.450000      1.3476206E-03
   6.460000      1.4867749E-03
   6.470000      1.6119957E-03
   6.480000      1.7222195E-03
   6.490000      1.8183740E-03
   6.500000      1.9032841E-03
   6.510000      1.9814521E-03
   6.520000      2.0592487E-03
   6.530000      2.1446045E-03
   6.540000      2.2465282E-03
   6.550000      2.3747026E-03
   6.560000      2.5389283E-03
   6.570000      2.7488088E-03
   6.580000      3.0125747E-03
   6.590000      3.3368529E-03
   6.600000      3.7259061E-03
   6.610000      4.1814335E-03
   6.620000      4.7014090E-03
   6.630000      5.2808193E-03
   6.640000      5.9101447E-03
   6.650000      6.5768235E-03
   6.660000      7.2647426E-03
   6.670000      7.9541542E-03
   6.680000      8.6233271E-03
   6.690000      9.2486180E-03
   6.700000      9.8058200E-03
   6.710000      1.0270288E-02
   6.720000      1.0619176E-02
   6.730000      1.0832538E-02
   6.740000      1.0892773E-02
   6.750000      1.0789071E-02
   6.760000      1.0514606E-02
   6.770000      1.0069070E-02
   6.780000      9.4608003E-03
   6.790000      8.7039042E-03
   6.800000      7.8194942E-03
   6.810000      6.8364991E-03
   6.820000      5.7889521E-03
   6.830000      4.7162203E-03
   6.840000      3.6603508E-03
   6.850000      2.6663935E-03
   6.860000      1.7781673E-03
   6.870000      1.0385091E-03
   6.880000      4.8578539E-04
   6.890000      1.5302010E-04
   6.900000      6.5204425E-05
   6.910000      2.3854511E-04
   6.920000      6.7918788E-04
   6.930000      1.3812799E-03
   6.940000      2.3278759E-03
   6.950000      3.4899663E-03
   6.960000      4.8274812E-03
   6.970000      6.2900200E-03
   6.980000      7.8187240E-03
   6.990000      9.3479613E-03
   7.000000      1.0808289E-02
   7.010000      1.2130015E-02
   7.020000      1.3244196E-02
   7.030000      1.4088767E-02
   7.040000      1.4610996E-02
   7.050000      1.4770286E-02
   7.060000      1.4542030E-02
   7.070000      1.3920164E-02
   7.080000      1.2919757E-02
   7.090000      1.1576636E-02
   7.100000      9.9513326E-03
   7.110000      8.1256665E-03
   7.120000      6.2051103E-03
   7.130000      4.3142033E-03
   7.140000      2.5958284E-03
   7.150000      1.2055378E-03
   7.160000      3.1107123E-04
   7.170000      8.3164443E-05
   7.180000      6.9373008E-04
   7.190000      2.3094153E-03
   7.200000      5.0847540E-03
   7.210000      9.1562392E-03
   7.220000      1.4638983E-02
   7.230000      2.1618847E-02
   7.240000      3.0147089E-02
   7.250000      4.0247578E-02
   7.260000      5.1889099E-02
   7.270000      6.5009430E-02
   7.280000      7.9494014E-02
   7.290000      9.5203094E-02
   7.300000      0.1119371    
   7.310000      0.1294647    
   7.320000      0.1475358    
   7.330000      0.1658566    
   7.340000      0.1841183    
   7.350000      0.2020051    
   7.360000      0.2192052    
   7.370000      0.2353803    
   7.380000      0.2502390    
   7.390000      0.2634886    
   7.400000      0.2748765    
   7.410000      0.2841806    
   7.420000      0.2912105    
   7.430000      0.2958314    
   7.440000      0.2979414    
   7.450000      0.2975165    
   7.460000      0.2945487    
   7.470000      0.2890915    
   7.480000      0.2812755    
   7.490000      0.2712418    
   7.500000      0.2591833    
   7.510000      0.2453483    
   7.520000      0.2300041    
   7.530000      0.2134361    
   7.540000      0.1959533    
   7.550000      0.1778820    
   7.560000      0.1595415    
   7.570000      0.1412545    
   7.580000      0.1233106    
   7.590000      0.1059934    
   7.600000      8.9549318E-02
   7.610000      7.4206725E-02
   7.620000      6.0134038E-02
   7.630000      4.7476325E-02
   7.640000      3.6331173E-02
   7.650000      2.6749594E-02
   7.660000      1.8745324E-02
   7.670000      1.2290068E-02
   7.680000      7.3251370E-03
   7.690000      3.7521580E-03
   7.700000      1.4528048E-03
   7.710000      2.8326601E-04
   7.720000      8.5035172E-05
   7.730000      6.9056236E-04
   7.740000      1.9260343E-03
   7.750000      3.6198799E-03
   7.760000      5.6060441E-03
   7.770000      7.7295760E-03
   7.780000      9.8484922E-03
   7.790000      1.1840915E-02
   7.800000      1.3603705E-02
   7.810000      1.5055475E-02
   7.820000      1.6137861E-02
   7.830000      1.6816355E-02
   7.840000      1.7076571E-02
   7.850000      1.6925707E-02
   7.860000      1.6387446E-02
   7.870000      1.5503782E-02
   7.880000      1.4327212E-02
   7.890000      1.2919304E-02
   7.900000      1.1348971E-02
   7.910000      9.6854111E-03
   7.920000      7.9999994E-03
   7.930000      6.3583138E-03
   7.940000      4.8211361E-03
   7.950000      3.4411910E-03
   7.960000      2.2615192E-03
   7.970000      1.3143597E-03
   7.980000      6.2103424E-04
   7.990000      1.9152078E-04
   8.000000      2.5094847E-05
   8.010000      1.1068652E-04
   8.020000      4.2828714E-04
   8.030000      9.5033448E-04
   8.040000      1.6431641E-03
   8.050000      2.4682698E-03
   8.060000      3.3858416E-03
   8.070000      4.3540867E-03
   8.080000      5.3330907E-03
   8.090000      6.2842378E-03
   8.100000      7.1734493E-03
   8.110000      7.9713417E-03
   8.120000      8.6542321E-03
   8.130000      9.2039863E-03
   8.140000      9.6095912E-03
   8.150000      9.8663019E-03
   8.160000      9.9744545E-03
   8.170000      9.9400999E-03
   8.180000      9.7747622E-03
   8.190000      9.4923405E-03
   8.200000      9.1105215E-03
   8.210000      8.6485147E-03
   8.220000      8.1258733E-03
   8.230000      7.5626760E-03
   8.240000      6.9782650E-03
   8.250000      6.3898494E-03
   8.260000      5.8124545E-03
   8.270000      5.2594584E-03
   8.280000      4.7405357E-03
   8.290000      4.2627682E-03
   8.300000      3.8305637E-03
   8.310000      3.4456120E-03
   8.320000      3.1070800E-03
   8.330000      2.8122140E-03
   8.340000      2.5569727E-03
   8.350000      2.3355912E-03
   8.360000      2.1422156E-03
   8.370000      1.9706793E-03
   8.380000      1.8148818E-03
   8.390000      1.6697077E-03
   8.400000      1.5306071E-03
   8.410000      1.3941528E-03
   8.420000      1.2582581E-03
   8.430000      1.1219612E-03
   8.440000      9.8548236E-04
   8.450000      8.4997545E-04
   8.460000      7.1758876E-04
   8.470000      5.9088034E-04
   8.480000      4.7286422E-04
   8.490000      3.6663856E-04
   8.500000      2.7510407E-04
   8.510000      2.0065578E-04
   8.520000      1.4517881E-04
   8.530000      1.0975482E-04
   8.540000      9.4588024E-05
   8.550000      9.8977966E-05
   8.560000      1.2131520E-04
   8.570000      1.5918972E-04
   8.580000      2.0945599E-04
   8.590000      2.6845635E-04
   8.600000      3.3220850E-04
   8.610000      3.9649749E-04
   8.620000      4.5736952E-04
   8.630000      5.1100011E-04
   8.640000      5.5418367E-04
   8.650000      5.8438844E-04
   8.660000      5.9986539E-04
   8.670000      5.9970806E-04
   8.680000      5.8391591E-04
   8.690000      5.5352476E-04
   8.700000      5.1018863E-04
   8.710000      4.5640019E-04
   8.720000      3.9516060E-04
   8.730000      3.2986992E-04
   8.740000      2.6414631E-04
   8.750000      2.0149742E-04
   8.760000      1.4534565E-04
   8.770000      9.8661512E-05
   8.780000      6.3821317E-05
   8.790000      4.2569704E-05
   8.800000      3.5857647E-05
   8.810000      4.3879289E-05
   8.820000      6.6000270E-05
   8.830000      1.0075518E-04
   8.840000      1.4608090E-04
   8.850000      1.9923762E-04
   8.860000      2.5717588E-04
   8.870000      3.1655704E-04
   8.880000      3.7384007E-04
   8.890000      4.2596334E-04
   8.900000      4.7010271E-04
   8.910000      5.0340098E-04
   8.920000      5.2579324E-04
   8.930000      5.4216897E-04
   8.940000      5.3674617E-04
   8.950000      5.0809886E-04
   8.960000      4.7104174E-04
   8.970000      4.3149773E-04
   8.980000      3.8385237E-04
   8.990000      3.3032399E-04
   9.000000      2.7683220E-04
