 -1.6005E+01  7.5528E-04
 -1.5994E+01  7.3026E-04
 -1.5982E+01  6.9262E-04
 -1.5970E+01  6.4532E-04
 -1.5958E+01  5.9165E-04
 -1.5946E+01  5.3492E-04
 -1.5934E+01  4.7820E-04
 -1.5922E+01  4.2405E-04
 -1.5910E+01  3.7438E-04
 -1.5898E+01  3.3039E-04
 -1.5886E+01  2.9255E-04
 -1.5874E+01  2.6068E-04
 -1.5863E+01  2.3408E-04
 -1.5851E+01  2.1173E-04
 -1.5839E+01  1.9243E-04
 -1.5827E+01  1.7503E-04
 -1.5815E+01  1.5853E-04
 -1.5803E+01  1.4227E-04
 -1.5791E+01  1.2590E-04
 -1.5779E+01  1.0946E-04
 -1.5767E+01  9.3286E-05
 -1.5755E+01  7.7925E-05
 -1.5743E+01  6.4034E-05
 -1.5732E+01  5.2242E-05
 -1.5720E+01  4.3038E-05
 -1.5708E+01  3.6680E-05
 -1.5696E+01  3.3148E-05
 -1.5684E+01  3.2128E-05
 -1.5672E+01  3.3057E-05
 -1.5660E+01  3.5192E-05
 -1.5648E+01  3.7714E-05
 -1.5636E+01  3.9841E-05
 -1.5624E+01  4.0938E-05
 -1.5612E+01  4.0615E-05
 -1.5601E+01  3.8785E-05
 -1.5589E+01  3.5685E-05
 -1.5577E+01  3.1853E-05
 -1.5565E+01  2.8059E-05
 -1.5553E+01  2.5200E-05
 -1.5541E+01  2.4173E-05
 -1.5529E+01  2.5741E-05
 -1.5517E+01  3.0408E-05
 -1.5505E+01  3.8325E-05
 -1.5493E+01  4.9236E-05
 -1.5481E+01  6.2479E-05
 -1.5470E+01  7.7035E-05
 -1.5458E+01  9.1632E-05
 -1.5446E+01  1.0488E-04
 -1.5434E+01  1.1545E-04
 -1.5422E+01  1.2221E-04
 -1.5410E+01  1.2438E-04
 -1.5398E+01  1.2169E-04
 -1.5386E+01  1.1434E-04
 -1.5374E+01  1.0313E-04
 -1.5362E+01  8.9265E-05
 -1.5350E+01  7.4351E-05
 -1.5339E+01  6.0152E-05
 -1.5327E+01  4.8428E-05
 -1.5315E+01  4.0717E-05
 -1.5303E+01  3.8154E-05
 -1.5291E+01  4.1316E-05
 -1.5279E+01  5.0135E-05
 -1.5267E+01  6.3883E-05
 -1.5255E+01  8.1229E-05
 -1.5243E+01  1.0038E-04
 -1.5231E+01  1.1929E-04
 -1.5219E+01  1.3587E-04
 -1.5208E+01  1.4828E-04
 -1.5196E+01  1.5511E-04
 -1.5184E+01  1.5562E-04
 -1.5172E+01  1.4983E-04
 -1.5160E+01  1.3856E-04
 -1.5148E+01  1.2337E-04
 -1.5136E+01  1.0643E-04
 -1.5124E+01  9.0252E-05
 -1.5112E+01  7.7481E-05
 -1.5100E+01  7.0544E-05
 -1.5088E+01  7.1374E-05
 -1.5077E+01  8.1157E-05
 -1.5065E+01  1.0015E-04
 -1.5053E+01  1.2758E-04
 -1.5041E+01  1.6171E-04
 -1.5029E+01  1.9991E-04
 -1.5017E+01  2.3897E-04
 -1.5005E+01  2.7535E-04
 -1.4993E+01  3.0563E-04
 -1.4981E+01  3.2682E-04
 -1.4969E+01  3.3673E-04
 -1.4957E+01  3.3426E-04
 -1.4946E+01  3.1952E-04
 -1.4934E+01  2.9389E-04
 -1.4922E+01  2.5990E-04
 -1.4910E+01  2.2099E-04
 -1.4898E+01  1.8120E-04
 -1.4886E+01  1.4473E-04
 -1.4874E+01  1.1551E-04
 -1.4862E+01  9.6793E-05
 -1.4850E+01  9.0795E-05
 -1.4838E+01  9.8416E-05
 -1.4826E+01  1.1913E-04
 -1.4815E+01  1.5100E-04
 -1.4803E+01  1.9086E-04
 -1.4791E+01  2.3462E-04
 -1.4779E+01  2.7770E-04
 -1.4767E+01  3.1548E-04
 -1.4755E+01  3.4387E-04
 -1.4743E+01  3.5970E-04
 -1.4731E+01  3.6115E-04
 -1.4719E+01  3.4791E-04
 -1.4707E+01  3.2130E-04
 -1.4695E+01  2.8411E-04
 -1.4684E+01  2.4033E-04
 -1.4672E+01  1.9468E-04
 -1.4660E+01  1.5219E-04
 -1.4648E+01  1.1754E-04
 -1.4636E+01  9.4592E-05
 -1.4624E+01  8.5956E-05
 -1.4612E+01  9.2657E-05
 -1.4600E+01  1.1401E-04
 -1.4588E+01  1.4769E-04
 -1.4576E+01  1.8992E-04
 -1.4564E+01  2.3594E-04
 -1.4553E+01  2.8050E-04
 -1.4541E+01  3.1845E-04
 -1.4529E+01  3.4536E-04
 -1.4517E+01  3.5809E-04
 -1.4505E+01  3.5513E-04
 -1.4493E+01  3.3691E-04
 -1.4481E+01  3.0574E-04
 -1.4469E+01  2.6569E-04
 -1.4457E+01  2.2207E-04
 -1.4445E+01  1.8095E-04
 -1.4433E+01  1.4842E-04
 -1.4422E+01  1.2990E-04
 -1.4410E+01  1.2954E-04
 -1.4398E+01  1.4967E-04
 -1.4386E+01  1.9053E-04
 -1.4374E+01  2.5022E-04
 -1.4362E+01  3.2486E-04
 -1.4350E+01  4.0908E-04
 -1.4338E+01  4.9657E-04
 -1.4326E+01  5.8095E-04
 -1.4314E+01  6.5650E-04
 -1.4302E+01  7.1896E-04
 -1.4291E+01  7.6620E-04
 -1.4279E+01  7.9858E-04
 -1.4267E+01  8.1911E-04
 -1.4255E+01  8.3327E-04
 -1.4243E+01  8.4843E-04
 -1.4231E+01  8.7313E-04
 -1.4219E+01  9.1599E-04
 -1.4207E+01  9.8462E-04
 -1.4195E+01  1.0845E-03
 -1.4183E+01  1.2180E-03
 -1.4171E+01  1.3839E-03
 -1.4160E+01  1.5766E-03
 -1.4148E+01  1.7869E-03
 -1.4136E+01  2.0020E-03
 -1.4124E+01  2.2068E-03
 -1.4112E+01  2.3850E-03
 -1.4100E+01  2.5211E-03
 -1.4088E+01  2.6015E-03
 -1.4076E+01  2.6162E-03
 -1.4064E+01  2.5602E-03
 -1.4052E+01  2.4345E-03
 -1.4040E+01  2.2464E-03
 -1.4029E+01  2.0090E-03
 -1.4017E+01  1.7409E-03
 -1.4005E+01  1.4644E-03
 -1.3993E+01  1.2038E-03
 -1.3981E+01  9.8321E-04
 -1.3969E+01  8.2395E-04
 -1.3957E+01  7.4258E-04
 -1.3945E+01  7.4897E-04
 -1.3933E+01  8.4496E-04
 -1.3921E+01  1.0239E-03
 -1.3909E+01  1.2708E-03
 -1.3898E+01  1.5638E-03
 -1.3886E+01  1.8757E-03
 -1.3874E+01  2.1766E-03
 -1.3862E+01  2.4370E-03
 -1.3850E+01  2.6306E-03
 -1.3838E+01  2.7373E-03
 -1.3826E+01  2.7455E-03
 -1.3814E+01  2.6539E-03
 -1.3802E+01  2.4723E-03
 -1.3790E+01  2.2213E-03
 -1.3778E+01  1.9311E-03
 -1.3767E+01  1.6392E-03
 -1.3755E+01  1.3872E-03
 -1.3743E+01  1.2170E-03
 -1.3731E+01  1.1672E-03
 -1.3719E+01  1.2687E-03
 -1.3707E+01  1.5417E-03
 -1.3695E+01  1.9935E-03
 -1.3683E+01  2.6168E-03
 -1.3671E+01  3.3908E-03
 -1.3659E+01  4.2820E-03
 -1.3647E+01  5.2483E-03
 -1.3636E+01  6.2429E-03
 -1.3624E+01  7.2195E-03
 -1.3612E+01  8.1379E-03
 -1.3600E+01  8.9697E-03
 -1.3588E+01  9.7026E-03
 -1.3576E+01  1.0344E-02
 -1.3564E+01  1.0925E-02
 -1.3552E+01  1.1497E-02
 -1.3540E+01  1.2134E-02
 -1.3528E+01  1.2925E-02
 -1.3517E+01  1.3973E-02
 -1.3505E+01  1.5382E-02
 -1.3493E+01  1.7254E-02
 -1.3481E+01  1.9676E-02
 -1.3469E+01  2.2714E-02
 -1.3457E+01  2.6404E-02
 -1.3445E+01  3.0745E-02
 -1.3433E+01  3.5696E-02
 -1.3421E+01  4.1176E-02
 -1.3409E+01  4.7062E-02
 -1.3397E+01  5.3198E-02
 -1.3386E+01  5.9396E-02
 -1.3374E+01  6.5455E-02
 -1.3362E+01  7.1160E-02
 -1.3350E+01  7.6303E-02
 -1.3338E+01  8.0689E-02
 -1.3326E+01  8.4148E-02
 -1.3314E+01  8.6547E-02
 -1.3302E+01  8.7792E-02
 -1.3290E+01  8.7836E-02
 -1.3278E+01  8.6684E-02
 -1.3266E+01  8.4386E-02
 -1.3255E+01  8.1039E-02
 -1.3243E+01  7.6780E-02
 -1.3231E+01  7.1777E-02
 -1.3219E+01  6.6221E-02
 -1.3207E+01  6.0313E-02
 -1.3195E+01  5.4255E-02
 -1.3183E+01  4.8241E-02
 -1.3171E+01  4.2442E-02
 -1.3159E+01  3.7003E-02
 -1.3147E+01  3.2034E-02
 -1.3135E+01  2.7611E-02
 -1.3124E+01  2.3772E-02
 -1.3112E+01  2.0519E-02
 -1.3100E+01  1.7825E-02
 -1.3088E+01  1.5638E-02
 -1.3076E+01  1.3889E-02
 -1.3064E+01  1.2496E-02
 -1.3052E+01  1.1375E-02
 -1.3040E+01  1.0446E-02
 -1.3028E+01  9.6373E-03
 -1.3016E+01  8.8887E-03
 -1.3004E+01  8.1562E-03
 -1.2993E+01  7.4115E-03
 -1.2981E+01  6.6424E-03
 -1.2969E+01  5.8504E-03
 -1.2957E+01  5.0485E-03
 -1.2945E+01  4.2574E-03
 -1.2933E+01  3.5023E-03
 -1.2921E+01  2.8086E-03
 -1.2909E+01  2.1994E-03
 -1.2897E+01  1.6924E-03
 -1.2885E+01  1.2979E-03
 -1.2873E+01  1.0187E-03
 -1.2862E+01  8.4922E-04
 -1.2850E+01  7.7699E-04
 -1.2838E+01  7.8383E-04
 -1.2826E+01  8.4788E-04
 -1.2814E+01  9.4573E-04
 -1.2802E+01  1.0545E-03
 -1.2790E+01  1.1539E-03
 -1.2778E+01  1.2273E-03
 -1.2766E+01  1.2636E-03
 -1.2754E+01  1.2567E-03
 -1.2742E+01  1.2062E-03
 -1.2731E+01  1.1165E-03
 -1.2719E+01  9.9613E-04
 -1.2707E+01  8.5610E-04
 -1.2695E+01  7.0888E-04
 -1.2683E+01  5.6688E-04
 -1.2671E+01  4.4118E-04
 -1.2659E+01  3.4056E-04
 -1.2647E+01  2.7078E-04
 -1.2635E+01  2.3424E-04
 -1.2623E+01  2.3001E-04
 -1.2611E+01  2.5425E-04
 -1.2600E+01  3.0076E-04
 -1.2588E+01  3.6181E-04
 -1.2576E+01  4.2905E-04
 -1.2564E+01  4.9431E-04
 -1.2552E+01  5.5043E-04
 -1.2540E+01  5.9176E-04
 -1.2528E+01  6.1463E-04
 -1.2516E+01  6.1744E-04
 -1.2504E+01  6.0063E-04
 -1.2492E+01  5.6641E-04
 -1.2480E+01  5.1838E-04
 -1.2469E+01  4.6102E-04
 -1.2457E+01  3.9918E-04
 -1.2445E+01  3.3753E-04
 -1.2433E+01  2.8018E-04
 -1.2421E+01  2.3031E-04
 -1.2409E+01  1.8993E-04
 -1.2397E+01  1.5989E-04
 -1.2385E+01  1.3991E-04
 -1.2373E+01  1.2874E-04
 -1.2361E+01  1.2444E-04
 -1.2349E+01  1.2471E-04
 -1.2338E+01  1.2714E-04
 -1.2326E+01  1.2955E-04
 -1.2314E+01  1.3016E-04
 -1.2302E+01  1.2778E-04
 -1.2290E+01  1.2184E-04
 -1.2278E+01  1.1241E-04
 -1.2266E+01  1.0006E-04
 -1.2254E+01  8.5772E-05
 -1.2242E+01  7.0742E-05
 -1.2230E+01  5.6221E-05
 -1.2218E+01  4.3346E-05
 -1.2207E+01  3.3006E-05
 -1.2195E+01  2.5762E-05
 -1.2183E+01  2.1797E-05
 -1.2171E+01  2.0934E-05
 -1.2159E+01  2.2687E-05
 -1.2147E+01  2.6344E-05
 -1.2135E+01  3.1075E-05
 -1.2123E+01  3.6043E-05
 -1.2111E+01  4.0499E-05
 -1.2099E+01  4.3867E-05
 -1.2087E+01  4.5793E-05
 -1.2076E+01  4.6156E-05
 -1.2064E+01  4.5063E-05
 -1.2052E+01  4.2798E-05
 -1.2040E+01  3.9770E-05
 -1.2028E+01  3.6440E-05
 -1.2016E+01  3.3255E-05
 -1.2004E+01  3.0585E-05
 -1.1992E+01  2.8683E-05
 -1.1980E+01  2.7661E-05
 -1.1968E+01  2.7487E-05
 -1.1956E+01  2.8004E-05
 -1.1945E+01  2.8961E-05
 -1.1933E+01  3.0060E-05
 -1.1921E+01  3.1000E-05
 -1.1909E+01  3.1522E-05
 -1.1897E+01  3.1446E-05
 -1.1885E+01  3.0688E-05
 -1.1873E+01  2.9270E-05
 -1.1861E+01  2.7311E-05
 -1.1849E+01  2.5003E-05
 -1.1837E+01  2.2581E-05
 -1.1825E+01  2.0286E-05
 -1.1814E+01  1.8331E-05
 -1.1802E+01  1.6873E-05
 -1.1790E+01  1.5991E-05
 -1.1778E+01  1.5684E-05
 -1.1766E+01  1.5867E-05
 -1.1754E+01  1.6396E-05
 -1.1742E+01  1.7086E-05
 -1.1730E+01  1.7738E-05
 -1.1718E+01  1.8173E-05
 -1.1706E+01  1.8254E-05
 -1.1694E+01  1.7904E-05
 -1.1683E+01  1.7116E-05
 -1.1671E+01  1.5954E-05
 -1.1659E+01  1.4539E-05
 -1.1647E+01  1.3035E-05
 -1.1635E+01  1.1619E-05
 -1.1623E+01  1.0462E-05
 -1.1611E+01  9.6991E-06
 -1.1599E+01  9.4164E-06
 -1.1587E+01  9.6356E-06
 -1.1575E+01  1.0314E-05
 -1.1563E+01  1.1350E-05
 -1.1552E+01  1.2601E-05
 -1.1540E+01  1.3898E-05
 -1.1528E+01  1.5073E-05
 -1.1516E+01  1.5977E-05
 -1.1504E+01  1.6502E-05
 -1.1492E+01  1.6588E-05
 -1.1480E+01  1.6234E-05
 -1.1468E+01  1.5490E-05
 -1.1456E+01  1.4449E-05
 -1.1444E+01  1.3235E-05
 -1.1432E+01  1.1980E-05
 -1.1421E+01  1.0812E-05
 -1.1409E+01  9.8318E-06
 -1.1397E+01  9.1099E-06
 -1.1385E+01  8.6756E-06
 -1.1373E+01  8.5203E-06
 -1.1361E+01  8.6049E-06
 -1.1349E+01  8.8710E-06
 -1.1337E+01  9.2557E-06
 -1.1325E+01  9.7053E-06
 -1.1313E+01  1.0186E-05
 -1.1301E+01  1.0693E-05
 -1.1290E+01  1.1247E-05
 -1.1278E+01  1.1892E-05
 -1.1266E+01  1.2682E-05
 -1.1254E+01  1.3671E-05
 -1.1242E+01  1.4891E-05
 -1.1230E+01  1.6344E-05
 -1.1218E+01  1.7987E-05
 -1.1206E+01  1.9737E-05
 -1.1194E+01  2.1466E-05
 -1.1182E+01  2.3021E-05
 -1.1170E+01  2.4240E-05
 -1.1159E+01  2.4976E-05
 -1.1147E+01  2.5122E-05
 -1.1135E+01  2.4632E-05
 -1.1123E+01  2.3538E-05
 -1.1111E+01  2.1956E-05
 -1.1099E+01  2.0080E-05
 -1.1087E+01  1.8163E-05
 -1.1075E+01  1.6492E-05
 -1.1063E+01  1.5350E-05
 -1.1051E+01  1.4977E-05
 -1.1039E+01  1.5534E-05
 -1.1028E+01  1.7076E-05
 -1.1016E+01  1.9534E-05
 -1.1004E+01  2.2717E-05
 -1.0992E+01  2.6327E-05
 -1.0980E+01  2.9998E-05
 -1.0968E+01  3.3340E-05
 -1.0956E+01  3.5998E-05
 -1.0944E+01  3.7704E-05
 -1.0932E+01  3.8338E-05
 -1.0920E+01  3.7954E-05
 -1.0908E+01  3.6804E-05
 -1.0897E+01  3.5326E-05
 -1.0885E+01  3.4109E-05
 -1.0873E+01  3.3838E-05
 -1.0861E+01  3.5208E-05
 -1.0849E+01  3.8843E-05
 -1.0837E+01  4.5207E-05
 -1.0825E+01  5.4532E-05
 -1.0813E+01  6.6775E-05
 -1.0801E+01  8.1604E-05
 -1.0789E+01  9.8428E-05
 -1.0777E+01  1.1647E-04
 -1.0766E+01  1.3489E-04
 -1.0754E+01  1.5286E-04
 -1.0742E+01  1.6979E-04
 -1.0730E+01  1.8538E-04
 -1.0718E+01  1.9979E-04
 -1.0706E+01  2.1364E-04
 -1.0694E+01  2.2805E-04
 -1.0682E+01  2.4454E-04
 -1.0670E+01  2.6493E-04
 -1.0658E+01  2.9108E-04
 -1.0646E+01  3.2470E-04
 -1.0635E+01  3.6701E-04
 -1.0623E+01  4.1855E-04
 -1.0611E+01  4.7890E-04
 -1.0599E+01  5.4656E-04
 -1.0587E+01  6.1890E-04
 -1.0575E+01  6.9226E-04
 -1.0563E+01  7.6218E-04
 -1.0551E+01  8.2371E-04
 -1.0539E+01  8.7189E-04
 -1.0527E+01  9.0222E-04
 -1.0515E+01  9.1125E-04
 -1.0504E+01  8.9699E-04
 -1.0492E+01  8.5936E-04
 -1.0480E+01  8.0037E-04
 -1.0468E+01  7.2420E-04
 -1.0456E+01  6.3702E-04
 -1.0444E+01  5.4660E-04
 -1.0432E+01  4.6175E-04
 -1.0420E+01  3.9151E-04
 -1.0408E+01  3.4437E-04
 -1.0396E+01  3.2732E-04
 -1.0384E+01  3.4506E-04
 -1.0373E+01  3.9933E-04
 -1.0361E+01  4.8844E-04
 -1.0349E+01  6.0722E-04
 -1.0337E+01  7.4721E-04
 -1.0325E+01  8.9727E-04
 -1.0313E+01  1.0446E-03
 -1.0301E+01  1.1759E-03
 -1.0289E+01  1.2788E-03
 -1.0277E+01  1.3433E-03
 -1.0265E+01  1.3632E-03
 -1.0253E+01  1.3370E-03
 -1.0242E+01  1.2687E-03
 -1.0230E+01  1.1679E-03
 -1.0218E+01  1.0498E-03
 -1.0206E+01  9.3378E-04
 -1.0194E+01  8.4256E-04
 -1.0182E+01  8.0005E-04
 -1.0170E+01  8.2948E-04
 -1.0158E+01  9.5126E-04
 -1.0146E+01  1.1810E-03
 -1.0134E+01  1.5279E-03
 -1.0122E+01  1.9936E-03
 -1.0111E+01  2.5719E-03
 -1.0099E+01  3.2495E-03
 -1.0087E+01  4.0069E-03
 -1.0075E+01  4.8213E-03
 -1.0063E+01  5.6688E-03
 -1.0051E+01  6.5288E-03
 -1.0039E+01  7.3867E-03
 -1.0027E+01  8.2382E-03
 -1.0015E+01  9.0914E-03
 -1.0003E+01  9.9697E-03
 -9.9915E+00  1.0912E-02
 -9.9796E+00  1.1971E-02
 -9.9677E+00  1.3214E-02
 -9.9558E+00  1.4716E-02
 -9.9439E+00  1.6558E-02
 -9.9319E+00  1.8817E-02
 -9.9200E+00  2.1563E-02
 -9.9081E+00  2.4847E-02
 -9.8962E+00  2.8701E-02
 -9.8843E+00  3.3126E-02
 -9.8724E+00  3.8088E-02
 -9.8605E+00  4.3518E-02
 -9.8486E+00  4.9312E-02
 -9.8367E+00  5.5327E-02
 -9.8248E+00  6.1393E-02
 -9.8129E+00  6.7317E-02
 -9.8010E+00  7.2892E-02
 -9.7890E+00  7.7909E-02
 -9.7771E+00  8.2170E-02
 -9.7652E+00  8.5498E-02
 -9.7533E+00  8.7747E-02
 -9.7414E+00  8.8816E-02
 -9.7295E+00  8.8649E-02
 -9.7176E+00  8.7242E-02
 -9.7057E+00  8.4646E-02
 -9.6938E+00  8.0961E-02
 -9.6819E+00  7.6329E-02
 -9.6700E+00  7.0932E-02
 -9.6580E+00  6.4977E-02
 -9.6461E+00  5.8685E-02
 -9.6342E+00  5.2281E-02
 -9.6223E+00  4.5981E-02
 -9.6104E+00  3.9979E-02
 -9.5985E+00  3.4440E-02
 -9.5866E+00  2.9492E-02
 -9.5747E+00  2.5220E-02
 -9.5628E+00  2.1662E-02
 -9.5509E+00  1.8816E-02
 -9.5390E+00  1.6637E-02
 -9.5271E+00  1.5047E-02
 -9.5151E+00  1.3946E-02
 -9.5032E+00  1.3214E-02
 -9.4913E+00  1.2730E-02
 -9.4794E+00  1.2374E-02
 -9.4675E+00  1.2042E-02
 -9.4556E+00  1.1648E-02
 -9.4437E+00  1.1133E-02
 -9.4318E+00  1.0464E-02
 -9.4199E+00  9.6334E-03
 -9.4080E+00  8.6601E-03
 -9.3961E+00  7.5823E-03
 -9.3841E+00  6.4529E-03
 -9.3722E+00  5.3326E-03
 -9.3603E+00  4.2836E-03
 -9.3484E+00  3.3625E-03
 -9.3365E+00  2.6157E-03
 -9.3246E+00  2.0744E-03
 -9.3127E+00  1.7524E-03
 -9.3008E+00  1.6452E-03
 -9.2889E+00  1.7309E-03
 -9.2770E+00  1.9732E-03
 -9.2651E+00  2.3248E-03
 -9.2531E+00  2.7323E-03
 -9.2412E+00  3.1416E-03
 -9.2293E+00  3.5026E-03
 -9.2174E+00  3.7741E-03
 -9.2055E+00  3.9264E-03
 -9.1936E+00  3.9441E-03
 -9.1817E+00  3.8265E-03
 -9.1698E+00  3.5871E-03
 -9.1579E+00  3.2514E-03
 -9.1460E+00  2.8540E-03
 -9.1341E+00  2.4352E-03
 -9.1222E+00  2.0366E-03
 -9.1102E+00  1.6972E-03
 -9.0983E+00  1.4500E-03
 -9.0864E+00  1.3192E-03
 -9.0745E+00  1.3177E-03
 -9.0626E+00  1.4468E-03
 -9.0507E+00  1.6962E-03
 -9.0388E+00  2.0452E-03
 -9.0269E+00  2.4651E-03
 -9.0150E+00  2.9218E-03
 -9.0031E+00  3.3794E-03
 -8.9912E+00  3.8027E-03
 -8.9792E+00  4.1612E-03
 -8.9673E+00  4.4303E-03
 -8.9554E+00  4.5942E-03
 -8.9435E+00  4.6455E-03
 -8.9316E+00  4.5862E-03
 -8.9197E+00  4.4260E-03
 -8.9078E+00  4.1813E-03
 -8.8959E+00  3.8730E-03
 -8.8840E+00  3.5244E-03
 -8.8721E+00  3.1586E-03
 -8.8602E+00  2.7971E-03
 -8.8482E+00  2.4577E-03
 -8.8363E+00  2.1535E-03
 -8.8244E+00  1.8922E-03
 -8.8125E+00  1.6763E-03
 -8.8006E+00  1.5035E-03
 -8.7887E+00  1.3677E-03
 -8.7768E+00  1.2602E-03
 -8.7649E+00  1.1715E-03
 -8.7530E+00  1.0917E-03
 -8.7411E+00  1.0130E-03
 -8.7292E+00  9.2935E-04
 -8.7173E+00  8.3777E-04
 -8.7053E+00  7.3808E-04
 -8.6934E+00  6.3271E-04
 -8.6815E+00  5.2608E-04
 -8.6696E+00  4.2376E-04
 -8.6577E+00  3.3158E-04
 -8.6458E+00  2.5471E-04
 -8.6339E+00  1.9692E-04
 -8.6220E+00  1.6004E-04
 -8.6101E+00  1.4374E-04
 -8.5982E+00  1.4552E-04
 -8.5863E+00  1.6112E-04
 -8.5743E+00  1.8505E-04
 -8.5624E+00  2.1129E-04
 -8.5505E+00  2.3413E-04
 -8.5386E+00  2.4887E-04
 -8.5267E+00  2.5244E-04
 -8.5148E+00  2.4377E-04
 -8.5029E+00  2.2392E-04
 -8.4910E+00  1.9592E-04
 -8.4791E+00  1.6432E-04
 -8.4672E+00  1.3460E-04
 -8.4553E+00  1.1237E-04
 -8.4433E+00  1.0262E-04
 -8.4314E+00  1.0900E-04
 -8.4195E+00  1.3326E-04
 -8.4076E+00  1.7498E-04
 -8.3957E+00  2.3145E-04
 -8.3838E+00  2.9801E-04
 -8.3719E+00  3.6847E-04
 -8.3600E+00  4.3581E-04
 -8.3481E+00  4.9302E-04
 -8.3362E+00  5.3393E-04
 -8.3243E+00  5.5393E-04
 -8.3124E+00  5.5062E-04
 -8.3004E+00  5.2414E-04
 -8.2885E+00  4.7724E-04
 -8.2766E+00  4.1503E-04
 -8.2647E+00  3.4446E-04
 -8.2528E+00  2.7357E-04
 -8.2409E+00  2.1059E-04
 -8.2290E+00  1.6293E-04
 -8.2171E+00  1.3640E-04
 -8.2052E+00  1.3441E-04
 -8.1933E+00  1.5760E-04
 -8.1814E+00  2.0369E-04
 -8.1694E+00  2.6775E-04
 -8.1575E+00  3.4269E-04
 -8.1456E+00  4.2007E-04
 -8.1337E+00  4.9110E-04
 -8.1218E+00  5.4766E-04
 -8.1099E+00  5.8323E-04
 -8.0980E+00  5.9377E-04
 -8.0861E+00  5.7820E-04
 -8.0742E+00  5.3866E-04
 -8.0623E+00  4.8034E-04
 -8.0504E+00  4.1099E-04
 -8.0384E+00  3.4010E-04
 -8.0265E+00  2.7786E-04
 -8.0146E+00  2.3398E-04
 -8.0027E+00  2.1657E-04
 -7.9908E+00  2.3108E-04
 -7.9789E+00  2.7961E-04
 -7.9670E+00  3.6050E-04
 -7.9551E+00  4.6838E-04
 -7.9432E+00  5.9460E-04
 -7.9313E+00  7.2813E-04
 -7.9194E+00  8.5665E-04
 -7.9075E+00  9.6785E-04
 -7.8955E+00  1.0508E-03
 -7.8836E+00  1.0971E-03
 -7.8717E+00  1.1019E-03
 -7.8598E+00  1.0645E-03
 -7.8479E+00  9.8844E-04
 -7.8360E+00  8.8137E-04
 -7.8241E+00  7.5417E-04
 -7.8122E+00  6.1996E-04
 -7.8003E+00  4.9272E-04
 -7.7884E+00  3.8587E-04
 -7.7765E+00  3.1077E-04
 -7.7645E+00  2.7550E-04
 -7.7526E+00  2.8397E-04
 -7.7407E+00  3.3536E-04
 -7.7288E+00  4.2425E-04
 -7.7169E+00  5.4107E-04
 -7.7050E+00  6.7314E-04
 -7.6931E+00  8.0604E-04
 -7.6812E+00  9.2517E-04
 -7.6693E+00  1.0173E-03
 -7.6574E+00  1.0722E-03
 -7.6455E+00  1.0835E-03
 -7.6335E+00  1.0496E-03
 -7.6216E+00  9.7395E-04
 -7.6097E+00  8.6447E-04
 -7.5978E+00  7.3286E-04
 -7.5859E+00  5.9329E-04
 -7.5740E+00  4.6089E-04
 -7.5621E+00  3.5006E-04
 -7.5502E+00  2.7289E-04
 -7.5383E+00  2.3779E-04
 -7.5264E+00  2.4850E-04
 -7.5145E+00  3.0366E-04
 -7.5026E+00  3.9688E-04
 -7.4906E+00  5.1740E-04
 -7.4787E+00  6.5134E-04
 -7.4668E+00  7.8321E-04
 -7.4549E+00  8.9770E-04
 -7.4430E+00  9.8151E-04
 -7.4311E+00  1.0249E-03
 -7.4192E+00  1.0229E-03
 -7.4073E+00  9.7593E-04
 -7.3954E+00  8.8995E-04
 -7.3835E+00  7.7576E-04
 -7.3716E+00  6.4790E-04
 -7.3596E+00  5.2305E-04
 -7.3477E+00  4.1818E-04
 -7.3358E+00  3.4861E-04
 -7.3239E+00  3.2628E-04
 -7.3120E+00  3.5834E-04
 -7.3001E+00  4.4627E-04
 -7.2882E+00  5.8565E-04
 -7.2763E+00  7.6661E-04
 -7.2644E+00  9.7495E-04
 -7.2525E+00  1.1938E-03
 -7.2406E+00  1.4057E-03
 -7.2286E+00  1.5947E-03
 -7.2167E+00  1.7486E-03
 -7.2048E+00  1.8605E-03
 -7.1929E+00  1.9300E-03
 -7.1810E+00  1.9638E-03
 -7.1691E+00  1.9746E-03
 -7.1572E+00  1.9805E-03
 -7.1453E+00  2.0024E-03
 -7.1334E+00  2.0619E-03
 -7.1215E+00  2.1781E-03
 -7.1096E+00  2.3654E-03
 -7.0977E+00  2.6308E-03
 -7.0857E+00  2.9724E-03
 -7.0738E+00  3.3787E-03
 -7.0619E+00  3.8290E-03
 -7.0500E+00  4.2942E-03
 -7.0381E+00  4.7398E-03
 -7.0262E+00  5.1287E-03
 -7.0143E+00  5.4248E-03
 -7.0024E+00  5.5970E-03
 -6.9905E+00  5.6229E-03
 -6.9786E+00  5.4916E-03
 -6.9667E+00  5.2060E-03
 -6.9547E+00  4.7831E-03
 -6.9428E+00  4.2538E-03
 -6.9309E+00  3.6602E-03
 -6.9190E+00  3.0522E-03
 -6.9071E+00  2.4834E-03
 -6.8952E+00  2.0055E-03
 -6.8833E+00  1.6634E-03
 -6.8714E+00  1.4904E-03
 -6.8595E+00  1.5050E-03
 -6.8476E+00  1.7079E-03
 -6.8357E+00  2.0818E-03
 -6.8237E+00  2.5923E-03
 -6.8118E+00  3.1908E-03
 -6.7999E+00  3.8188E-03
 -6.7880E+00  4.4134E-03
 -6.7761E+00  4.9138E-03
 -6.7642E+00  5.2673E-03
 -6.7523E+00  5.4352E-03
 -6.7404E+00  5.3978E-03
 -6.7285E+00  5.1570E-03
 -6.7166E+00  4.7379E-03
 -6.7047E+00  4.1870E-03
 -6.6928E+00  3.5689E-03
 -6.6808E+00  2.9606E-03
 -6.6689E+00  2.4449E-03
 -6.6570E+00  2.1016E-03
 -6.6451E+00  2.0002E-03
 -6.6332E+00  2.1926E-03
 -6.6213E+00  2.7070E-03
 -6.6094E+00  3.5451E-03
 -6.5975E+00  4.6803E-03
 -6.5856E+00  6.0605E-03
 -6.5737E+00  7.6121E-03
 -6.5618E+00  9.2474E-03
 -6.5498E+00  1.0873E-02
 -6.5379E+00  1.2401E-02
 -6.5260E+00  1.3757E-02
 -6.5141E+00  1.4894E-02
 -6.5022E+00  1.5794E-02
 -6.4903E+00  1.6481E-02
 -6.4784E+00  1.7017E-02
 -6.4665E+00  1.7506E-02
 -6.4546E+00  1.8083E-02
 -6.4427E+00  1.8912E-02
 -6.4308E+00  2.0169E-02
 -6.4188E+00  2.2028E-02
 -6.4069E+00  2.4652E-02
 -6.3950E+00  2.8170E-02
 -6.3831E+00  3.2670E-02
 -6.3712E+00  3.8183E-02
 -6.3593E+00  4.4681E-02
 -6.3474E+00  5.2070E-02
 -6.3355E+00  6.0195E-02
 -6.3236E+00  6.8840E-02
 -6.3117E+00  7.7745E-02
 -6.2998E+00  8.6612E-02
 -6.2879E+00  9.5128E-02
 -6.2759E+00  1.0297E-01
 -6.2640E+00  1.0985E-01
 -6.2521E+00  1.1549E-01
 -6.2402E+00  1.1967E-01
 -6.2283E+00  1.2224E-01
 -6.2164E+00  1.2311E-01
 -6.2045E+00  1.2226E-01
 -6.1926E+00  1.1975E-01
 -6.1807E+00  1.1571E-01
 -6.1688E+00  1.1033E-01
 -6.1569E+00  1.0385E-01
 -6.1449E+00  9.6523E-02
 -6.1330E+00  8.8641E-02
 -6.1211E+00  8.0480E-02
 -6.1092E+00  7.2299E-02
 -6.0973E+00  6.4331E-02
 -6.0854E+00  5.6768E-02
 -6.0735E+00  4.9756E-02
 -6.0616E+00  4.3396E-02
 -6.0497E+00  3.7739E-02
 -6.0378E+00  3.2796E-02
 -6.0259E+00  2.8542E-02
 -6.0140E+00  2.4923E-02
 -6.0020E+00  2.1866E-02
 -5.9901E+00  1.9286E-02
 -5.9782E+00  1.7095E-02
 -5.9663E+00  1.5211E-02
 -5.9544E+00  1.3558E-02
 -5.9425E+00  1.2077E-02
 -5.9306E+00  1.0719E-02
 -5.9187E+00  9.4552E-03
 -5.9068E+00  8.2671E-03
 -5.8949E+00  7.1495E-03
 -5.8830E+00  6.1052E-03
 -5.8710E+00  5.1425E-03
 -5.8591E+00  4.2717E-03
 -5.8472E+00  3.5021E-03
 -5.8353E+00  2.8402E-03
 -5.8234E+00  2.2880E-03
 -5.8115E+00  1.8428E-03
 -5.7996E+00  1.4968E-03
 -5.7877E+00  1.2387E-03
 -5.7758E+00  1.0541E-03
 -5.7639E+00  9.2743E-04
 -5.7520E+00  8.4317E-04
 -5.7400E+00  7.8711E-04
 -5.7281E+00  7.4734E-04
 -5.7162E+00  7.1483E-04
 -5.7043E+00  6.8364E-04
 -5.6924E+00  6.5069E-04
 -5.6805E+00  6.1527E-04
 -5.6686E+00  5.7840E-04
 -5.6567E+00  5.4196E-04
 -5.6448E+00  5.0802E-04
 -5.6329E+00  4.7820E-04
 -5.6210E+00  4.5328E-04
 -5.6091E+00  4.3307E-04
 -5.5971E+00  4.1644E-04
 -5.5852E+00  4.0166E-04
 -5.5733E+00  3.8677E-04
 -5.5614E+00  3.7006E-04
 -5.5495E+00  3.5049E-04
 -5.5376E+00  3.2803E-04
 -5.5257E+00  3.0379E-04
 -5.5138E+00  2.8004E-04
 -5.5019E+00  2.5996E-04
 -5.4900E+00  2.4729E-04
 -5.4781E+00  2.4577E-04
 -5.4661E+00  2.5867E-04
 -5.4542E+00  2.8819E-04
 -5.4423E+00  3.3509E-04
 -5.4304E+00  3.9837E-04
 -5.4185E+00  4.7522E-04
 -5.4066E+00  5.6118E-04
 -5.3947E+00  6.5052E-04
 -5.3828E+00  7.3673E-04
 -5.3709E+00  8.1320E-04
 -5.3590E+00  8.7385E-04
 -5.3471E+00  9.1377E-04
 -5.3351E+00  9.2969E-04
 -5.3232E+00  9.2032E-04
 -5.3113E+00  8.8641E-04
 -5.2994E+00  8.3067E-04
 -5.2875E+00  7.5745E-04
 -5.2756E+00  6.7229E-04
 -5.2637E+00  5.8132E-04
 -5.2518E+00  4.9071E-04
 -5.2399E+00  4.0603E-04
 -5.2280E+00  3.3182E-04
 -5.2161E+00  2.7118E-04
 -5.2042E+00  2.2561E-04
 -5.1922E+00  1.9503E-04
 -5.1803E+00  1.7788E-04
 -5.1684E+00  1.7150E-04
 -5.1565E+00  1.7253E-04
 -5.1446E+00  1.7737E-04
 -5.1327E+00  1.8264E-04
 -5.1208E+00  1.8556E-04
 -5.1089E+00  1.8423E-04
 -5.0970E+00  1.7775E-04
 -5.0851E+00  1.6624E-04
 -5.0732E+00  1.5071E-04
 -5.0612E+00  1.3279E-04
 -5.0493E+00  1.1446E-04
 -5.0374E+00  9.7743E-05
 -5.0255E+00  8.4440E-05
 -5.0136E+00  7.5889E-05
 -5.0017E+00  7.2851E-05
 -4.9898E+00  7.5471E-05
 -4.9779E+00  8.3339E-05
 -4.9660E+00  9.5625E-05
 -4.9541E+00  1.1125E-04
 -4.9422E+00  1.2911E-04
 -4.9302E+00  1.4820E-04
 -4.9183E+00  1.6781E-04
 -4.9064E+00  1.8752E-04
 -4.8945E+00  2.0723E-04
 -4.8826E+00  2.2703E-04
 -4.8707E+00  2.4709E-04
 -4.8588E+00  2.6746E-04
 -4.8469E+00  2.8798E-04
 -4.8350E+00  3.0807E-04
 -4.8231E+00  3.2681E-04
 -4.8112E+00  3.4291E-04
 -4.7993E+00  3.5490E-04
 -4.7873E+00  3.6133E-04
 -4.7754E+00  3.6104E-04
 -4.7635E+00  3.5343E-04
 -4.7516E+00  3.3871E-04
 -4.7397E+00  3.1804E-04
 -4.7278E+00  2.9359E-04
 -4.7159E+00  2.6843E-04
 -4.7040E+00  2.4629E-04
 -4.6921E+00  2.3115E-04
 -4.6802E+00  2.2675E-04
 -4.6683E+00  2.3612E-04
 -4.6563E+00  2.6101E-04
 -4.6444E+00  3.0152E-04
 -4.6325E+00  3.5592E-04
 -4.6206E+00  4.2062E-04
 -4.6087E+00  4.9044E-04
 -4.5968E+00  5.5912E-04
 -4.5849E+00  6.2004E-04
 -4.5730E+00  6.6697E-04
 -4.5611E+00  6.9502E-04
 -4.5492E+00  7.0132E-04
 -4.5373E+00  6.8569E-04
 -4.5253E+00  6.5091E-04
 -4.5134E+00  6.0278E-04
 -4.5015E+00  5.4971E-04
 -4.4896E+00  5.0202E-04
 -4.4777E+00  4.7091E-04
 -4.4658E+00  4.6720E-04
 -4.4539E+00  4.9997E-04
 -4.4420E+00  5.7526E-04
 -4.4301E+00  6.9500E-04
 -4.4182E+00  8.5629E-04
 -4.4063E+00  1.0512E-03
 -4.3944E+00  1.2673E-03
 -4.3824E+00  1.4883E-03
 -4.3705E+00  1.6960E-03
 -4.3586E+00  1.8717E-03
 -4.3467E+00  1.9986E-03
 -4.3348E+00  2.0636E-03
 -4.3229E+00  2.0590E-03
 -4.3110E+00  1.9838E-03
 -4.2991E+00  1.8440E-03
 -4.2872E+00  1.6526E-03
 -4.2753E+00  1.4287E-03
 -4.2634E+00  1.1958E-03
 -4.2514E+00  9.7957E-04
 -4.2395E+00  8.0520E-04
 -4.2276E+00  6.9494E-04
 -4.2157E+00  6.6536E-04
 -4.2038E+00  7.2534E-04
 -4.1919E+00  8.7459E-04
 -4.1800E+00  1.1032E-03
 -4.1681E+00  1.3922E-03
 -4.1562E+00  1.7152E-03
 -4.1443E+00  2.0410E-03
 -4.1324E+00  2.3368E-03
 -4.1204E+00  2.5717E-03
 -4.1085E+00  2.7204E-03
 -4.0966E+00  2.7663E-03
 -4.0847E+00  2.7033E-03
 -4.0728E+00  2.5371E-03
 -4.0609E+00  2.2847E-03
 -4.0490E+00  1.9729E-03
 -4.0371E+00  1.6360E-03
 -4.0252E+00  1.3117E-03
 -4.0133E+00  1.0373E-03
 -4.0014E+00  8.4588E-04
 -3.9895E+00  7.6190E-04
 -3.9775E+00  7.9862E-04
 -3.9656E+00  9.5595E-04
 -3.9537E+00  1.2200E-03
 -3.9418E+00  1.5639E-03
 -3.9299E+00  1.9511E-03
 -3.9180E+00  2.3384E-03
 -3.9061E+00  2.6817E-03
 -3.8942E+00  2.9409E-03
 -3.8823E+00  3.0853E-03
 -3.8704E+00  3.0978E-03
 -3.8585E+00  2.9775E-03
 -3.8465E+00  2.7406E-03
 -3.8346E+00  2.4195E-03
 -3.8227E+00  2.0598E-03
 -3.8108E+00  1.7149E-03
 -3.7989E+00  1.4412E-03
 -3.7870E+00  1.2911E-03
 -3.7751E+00  1.3070E-03
 -3.7632E+00  1.5166E-03
 -3.7513E+00  1.9286E-03
 -3.7394E+00  2.5313E-03
 -3.7275E+00  3.2931E-03
 -3.7155E+00  4.1656E-03
 -3.7036E+00  5.0893E-03
 -3.6917E+00  6.0001E-03
 -3.6798E+00  6.8383E-03
 -3.6679E+00  7.5572E-03
 -3.6560E+00  8.1302E-03
 -3.6441E+00  8.5568E-03
 -3.6322E+00  8.8651E-03
 -3.6203E+00  9.1110E-03
 -3.6084E+00  9.3734E-03
 -3.5965E+00  9.7461E-03
 -3.5846E+00  1.0328E-02
 -3.5726E+00  1.1208E-02
 -3.5607E+00  1.2456E-02
 -3.5488E+00  1.4111E-02
 -3.5369E+00  1.6169E-02
 -3.5250E+00  1.8579E-02
 -3.5131E+00  2.1244E-02
 -3.5012E+00  2.4020E-02
 -3.4893E+00  2.6730E-02
 -3.4774E+00  2.9174E-02
 -3.4655E+00  3.1148E-02
 -3.4536E+00  3.2466E-02
 -3.4416E+00  3.2980E-02
 -3.4297E+00  3.2598E-02
 -3.4178E+00  3.1304E-02
 -3.4059E+00  2.9165E-02
 -3.3940E+00  2.6331E-02
 -3.3821E+00  2.3028E-02
 -3.3702E+00  1.9539E-02
 -3.3583E+00  1.6184E-02
 -3.3464E+00  1.3286E-02
 -3.3345E+00  1.1144E-02
 -3.3226E+00  1.0001E-02
 -3.3106E+00  1.0016E-02
 -3.2987E+00  1.1252E-02
 -3.2868E+00  1.3655E-02
 -3.2749E+00  1.7061E-02
 -3.2630E+00  2.1200E-02
 -3.2511E+00  2.5721E-02
 -3.2392E+00  3.0214E-02
 -3.2273E+00  3.4253E-02
 -3.2154E+00  3.7438E-02
 -3.2035E+00  3.9438E-02
 -3.1916E+00  4.0035E-02
 -3.1797E+00  3.9154E-02
 -3.1677E+00  3.6890E-02
 -3.1558E+00  3.3511E-02
 -3.1439E+00  2.9440E-02
 -3.1320E+00  2.5231E-02
 -3.1201E+00  2.1520E-02
 -3.1082E+00  1.8967E-02
 -3.0963E+00  1.8195E-02
 -3.0844E+00  1.9735E-02
 -3.0725E+00  2.3968E-02
 -3.0606E+00  3.1090E-02
 -3.0487E+00  4.1087E-02
 -3.0367E+00  5.3728E-02
 -3.0248E+00  6.8581E-02
 -3.0129E+00  8.5050E-02
 -3.0010E+00  1.0243E-01
 -2.9891E+00  1.1998E-01
 -2.9772E+00  1.3702E-01
 -2.9653E+00  1.5300E-01
 -2.9534E+00  1.6764E-01
 -2.9415E+00  1.8098E-01
 -2.9296E+00  1.9344E-01
 -2.9177E+00  2.0585E-01
 -2.9058E+00  2.1946E-01
 -2.8938E+00  2.3583E-01
 -2.8819E+00  2.5680E-01
 -2.8700E+00  2.8435E-01
 -2.8581E+00  3.2044E-01
 -2.8462E+00  3.6685E-01
 -2.8343E+00  4.2509E-01
 -2.8224E+00  4.9618E-01
 -2.8105E+00  5.8056E-01
 -2.7986E+00  6.7799E-01
 -2.7867E+00  7.8741E-01
 -2.7748E+00  9.0694E-01
 -2.7628E+00  1.0339E+00
 -2.7509E+00  1.1646E+00
 -2.7390E+00  1.2951E+00
 -2.7271E+00  1.4206E+00
 -2.7152E+00  1.5364E+00
 -2.7033E+00  1.6377E+00
 -2.6914E+00  1.7203E+00
 -2.6795E+00  1.7808E+00
 -2.6676E+00  1.8168E+00
 -2.6557E+00  1.8270E+00
 -2.6438E+00  1.8114E+00
 -2.6318E+00  1.7713E+00
 -2.6199E+00  1.7087E+00
 -2.6080E+00  1.6268E+00
 -2.5961E+00  1.5291E+00
 -2.5842E+00  1.4193E+00
 -2.5723E+00  1.3016E+00
 -2.5604E+00  1.1798E+00
 -2.5485E+00  1.0576E+00
 -2.5366E+00  9.3841E-01
 -2.5247E+00  8.2510E-01
 -2.5128E+00  7.2013E-01
 -2.5009E+00  6.2538E-01
 -2.4889E+00  5.4209E-01
 -2.4770E+00  4.7085E-01
 -2.4651E+00  4.1154E-01
 -2.4532E+00  3.6348E-01
 -2.4413E+00  3.2543E-01
 -2.4294E+00  2.9574E-01
 -2.4175E+00  2.7252E-01
 -2.4056E+00  2.5385E-01
 -2.3937E+00  2.3793E-01
 -2.3818E+00  2.2319E-01
 -2.3699E+00  2.0844E-01
 -2.3579E+00  1.9282E-01
 -2.3460E+00  1.7591E-01
 -2.3341E+00  1.5767E-01
 -2.3222E+00  1.3835E-01
 -2.3103E+00  1.1849E-01
 -2.2984E+00  9.8834E-02
 -2.2865E+00  8.0233E-02
 -2.2746E+00  6.3496E-02
 -2.2627E+00  4.9297E-02
 -2.2508E+00  3.8112E-02
 -2.2389E+00  3.0177E-02
 -2.2269E+00  2.5470E-02
 -2.2150E+00  2.3731E-02
 -2.2031E+00  2.4490E-02
 -2.1912E+00  2.7135E-02
 -2.1793E+00  3.0971E-02
 -2.1674E+00  3.5294E-02
 -2.1555E+00  3.9444E-02
 -2.1436E+00  4.2861E-02
 -2.1317E+00  4.5115E-02
 -2.1198E+00  4.5927E-02
 -2.1079E+00  4.5181E-02
 -2.0960E+00  4.2922E-02
 -2.0840E+00  3.9347E-02
 -2.0721E+00  3.4783E-02
 -2.0602E+00  2.9655E-02
 -2.0483E+00  2.4441E-02
 -2.0364E+00  1.9618E-02
 -2.0245E+00  1.5611E-02
 -2.0126E+00  1.2743E-02
 -2.0007E+00  1.1205E-02
 -1.9888E+00  1.1047E-02
 -1.9769E+00  1.2182E-02
 -1.9650E+00  1.4415E-02
 -1.9530E+00  1.7481E-02
 -1.9411E+00  2.1082E-02
 -1.9292E+00  2.4919E-02
 -1.9173E+00  2.8711E-02
 -1.9054E+00  3.2195E-02
 -1.8935E+00  3.5110E-02
 -1.8816E+00  3.7177E-02
 -1.8697E+00  3.8082E-02
 -1.8578E+00  3.7531E-02
 -1.8459E+00  3.5412E-02
 -1.8340E+00  3.2035E-02
 -1.8220E+00  2.8175E-02
 -1.8101E+00  2.4853E-02
 -1.7982E+00  2.3563E-02
 -1.7863E+00  2.8657E-02
 -1.7744E+00  5.4239E-02
 -1.7625E+00  8.2694E-03
 -1.7506E+00  3.8217E-03
 -1.7387E+00  3.1636E-03
 -1.7268E+00  1.1760E-02
 -1.7149E+00  8.4544E-03
 -1.7030E+00  8.8289E-03
 -1.6911E+00  1.1797E-02
 -1.6791E+00  5.0868E-03
 -1.6672E+00  1.1022E-02
 -1.6553E+00  5.7266E-02
 -1.6434E+00  4.4744E-02
 -1.6315E+00  7.5284E-03
 -1.6196E+00  3.4488E-03
 -1.6077E+00  5.4260E-03
 -1.5958E+00  1.1021E-02
 -1.5839E+00  1.9879E-03
 -1.5720E+00  1.0981E-03
 -1.5601E+00  1.3361E-03
 -1.5481E+00  2.5015E-03
 -1.5362E+00  7.4867E-04
 -1.5243E+00  2.1550E-04
 -1.5124E+00  1.5480E-04
 -1.5005E+00  1.3964E-04
 -1.4886E+00  1.4480E-04
 -1.4767E+00  1.4146E-04
 -1.4648E+00  1.2931E-04
 -1.4529E+00  1.2381E-04
 -1.4410E+00  1.1698E-04
 -1.4291E+00  1.0909E-04
 -1.4171E+00  9.9844E-05
 -1.4052E+00  8.9599E-05
 -1.3933E+00  7.8833E-05
 -1.3814E+00  6.8068E-05
 -1.3695E+00  5.7784E-05
 -1.3576E+00  4.8436E-05
 -1.3457E+00  4.0398E-05
 -1.3338E+00  3.4120E-05
 -1.3219E+00  2.9352E-05
 -1.3100E+00  2.6308E-05
 -1.2981E+00  2.5565E-05
 -1.2862E+00  2.7244E-05
 -1.2742E+00  3.1784E-05
 -1.2623E+00  4.0283E-05
 -1.2504E+00  5.5513E-05
 -1.2385E+00  8.6311E-05
 -1.2266E+00  1.7147E-04
 -1.2147E+00  7.2897E-04
 -1.2028E+00  6.2480E-03
 -1.1909E+00  1.6231E-03
 -1.1790E+00  8.1548E-04
 -1.1671E+00  9.1894E-04
 -1.1552E+00  6.1339E-04
 -1.1432E+00  8.6093E-04
 -1.1313E+00  2.6043E-03
 -1.1194E+00  1.3665E-02
 -1.1075E+00  7.4738E-03
 -1.0956E+00  6.7311E-03
 -1.0837E+00  9.9078E-03
 -1.0718E+00  1.5830E-02
 -1.0599E+00  1.5883E-03
 -1.0480E+00  3.0493E-03
 -1.0361E+00  3.4835E-04
 -1.0242E+00  7.1459E-04
 -1.0122E+00  6.3938E-05
 -1.0003E+00  6.3716E-05
 -9.8843E-01  1.6474E-04
 -9.7652E-01  1.0144E-03
 -9.6461E-01  6.1393E-04
 -9.5271E-01  2.0560E-04
 -9.4080E-01  1.0005E-04
 -9.2889E-01  5.6456E-05
 -9.1698E-01  3.3958E-05
 -9.0507E-01  1.9525E-05
 -8.9316E-01  3.5339E-05
 -8.8125E-01  3.1412E-05
 -8.6934E-01  2.9645E-05
 -8.5743E-01  3.1616E-05
 -8.4553E-01  4.8758E-05
 -8.3362E-01  8.3435E-04
 -8.2171E-01  6.1798E-05
 -8.0980E-01  4.2572E-05
 -7.9789E-01  1.1009E-04
 -7.8598E-01  9.7717E-05
 -7.7407E-01  3.1268E-05
 -7.6216E-01  8.4629E-05
 -7.5026E-01  2.9483E-05
 -7.3835E-01  1.7584E-05
 -7.2644E-01  1.9795E-04
 -7.1453E-01  1.3623E-05
 -7.0262E-01  1.2030E-04
 -6.9071E-01  1.8721E-05
 -6.7880E-01  5.8554E-05
 -6.6689E-01  2.4360E-05
 -6.5498E-01  5.3856E-05
 -6.4308E-01  2.4448E-05
 -6.3117E-01  6.6657E-05
 -6.1926E-01  2.2499E-05
 -6.0735E-01  2.9063E-04
 -5.9544E-01  2.1802E-05
 -5.8353E-01  4.4777E-05
 -5.7162E-01  2.2793E-05
 -5.5971E-01  2.2981E-05
 -5.4781E-01  7.8516E-05
 -5.3590E-01  1.8598E-05
 -5.2399E-01  3.9832E-05
 -5.1208E-01  3.5411E-05
 -5.0017E-01  1.8834E-05
 -4.8826E-01  9.9863E-05
 -4.7635E-01  5.4835E-05
 -4.6444E-01  2.7820E-05
 -4.5253E-01  1.0506E-04
 -4.4063E-01  2.2439E-04
 -4.2872E-01  4.3416E-05
 -4.1681E-01  6.3145E-05
 -4.0490E-01  1.4088E-03
 -3.9299E-01  9.3728E-05
 -3.8108E-01  4.3479E-05
 -3.6917E-01  5.6519E-05
 -3.5726E-01  5.9309E-04
 -3.4536E-01  6.3002E-05
 -3.3345E-01  2.2317E-05
 -3.2154E-01  1.6505E-05
 -3.0963E-01  1.4362E-05
 -2.9772E-01  8.9994E-05
 -2.8581E-01  1.2476E-05
 -2.7390E-01  1.0727E-05
 -2.6199E-01  1.2520E-05
 -2.5009E-01  2.1500E-05
 -2.3818E-01  7.0735E-05
 -2.2627E-01  2.2573E-03
 -2.1436E-01  1.6649E-04
 -2.0245E-01  5.7280E-05
 -1.9054E-01  4.1427E-05
 -1.7863E-01  3.9350E-05
 -1.6672E-01  4.2023E-05
 -1.5481E-01  4.7906E-05
 -1.4291E-01  5.8672E-05
 -1.3100E-01  8.4305E-05
 -1.1909E-01  2.0838E-04
 -1.0718E-01  5.9856E-04
 -9.5271E-02  7.4831E-05
 -8.3362E-02  4.6379E-05
 -7.1453E-02  4.3408E-05
 -5.9544E-02  4.5150E-05
 -4.7635E-02  4.8817E-05
 -3.5726E-02  5.3822E-05
 -2.3818E-02  5.9961E-05
 -1.1909E-02  6.7052E-05
  0.0000E+00  7.4842E-05
  1.1909E-02  8.2993E-05
  2.3818E-02  9.1089E-05
  3.5726E-02  9.8660E-05
  4.7635E-02  1.0522E-04
  5.9544E-02  1.1036E-04
  7.1453E-02  1.1389E-04
  8.3362E-02  1.1649E-04
  9.5271E-02  1.2441E-04
  1.0718E-01  2.6163E-04
  1.1909E-01  1.3449E-04
  1.3100E-01  9.6828E-05
  1.4291E-01  8.1285E-05
  1.5481E-01  6.8566E-05
  1.6672E-01  5.7428E-05
  1.7863E-01  4.8665E-05
  1.9054E-01  4.4213E-05
  2.0245E-01  5.0156E-05
  2.1436E-01  1.1775E-04
  2.2627E-01  1.6914E-03
  2.3818E-01  1.0051E-04
  2.5009E-01  6.8028E-05
  2.6199E-01  7.2652E-05
  2.7390E-01  9.0385E-05
  2.8581E-01  1.4879E-04
  2.9772E-01  3.0744E-03
  3.0963E-01  1.4086E-04
  3.2154E-01  1.1518E-04
  3.3345E-01  1.1335E-04
  3.4536E-01  1.1919E-04
  3.5726E-01  1.5448E-04
  3.6917E-01  9.0752E-05
  3.8108E-01  8.2839E-05
  3.9299E-01  1.0754E-04
  4.0490E-01  1.3464E-03
  4.1681E-01  1.2387E-04
  4.2872E-01  1.3459E-04
  4.4063E-01  9.8263E-04
  4.5253E-01  6.1249E-04
  4.6444E-01  2.5889E-04
  4.7635E-01  7.9800E-04
  4.8826E-01  1.7444E-03
  5.0017E-01  4.1017E-04
  5.1208E-01  1.0519E-03
  5.2399E-01  1.1592E-03
  5.3590E-01  4.5112E-04
  5.4781E-01  2.3259E-03
  5.5971E-01  4.5978E-04
  5.7162E-01  4.0851E-04
  5.8353E-01  4.6923E-04
  5.9544E-01  3.8640E-04
  6.0735E-01  3.4566E-03
  6.1926E-01  5.2302E-04
  6.3117E-01  2.1277E-03
  6.4308E-01  8.9187E-04
  6.5498E-01  2.6130E-03
  6.6689E-01  1.3707E-03
  6.7880E-01  3.9849E-03
  6.9071E-01  1.5946E-03
  7.0262E-01  1.0174E-02
  7.1453E-01  1.6157E-03
  7.2644E-01  1.3794E-02
  7.3835E-01  1.7600E-03
  7.5026E-01  2.0214E-03
  7.6216E-01  2.1047E-03
  7.7407E-01  2.3801E-03
  7.8598E-01  2.9960E-03
  7.9789E-01  3.8627E-03
  8.0980E-01  3.6609E-03
  8.2171E-01  4.4182E-03
  8.3362E-01  1.8943E-02
  8.4553E-01  4.6485E-03
  8.5743E-01  4.6284E-03
  8.6934E-01  4.8123E-03
  8.8125E-01  5.6082E-03
  8.9316E-01  2.0530E-02
  9.0507E-01  3.8062E-02
  9.1698E-01  2.2048E-02
  9.2889E-01  1.9273E-02
  9.4080E-01  2.0055E-02
  9.5271E-01  2.4650E-02
  9.6461E-01  4.3948E-02
  9.7652E-01  4.8495E-02
  9.8843E-01  8.8703E-03
  1.0003E+00  5.1829E-03
  1.0122E+00  5.9428E-03
  1.0242E+00  3.9539E-02
  1.0361E+00  6.3063E-03
  1.0480E+00  1.8580E-02
  1.0599E+00  4.8423E-03
  1.0718E+00  1.3733E-02
  1.0837E+00  6.2292E-03
  1.0956E+00  5.7297E-03
  1.1075E+00  7.7234E-03
  1.1194E+00  1.5425E-02
  1.1313E+00  4.1771E-03
  1.1432E+00  3.9174E-03
  1.1552E+00  6.4614E-03
  1.1671E+00  4.1143E-02
  1.1790E+00  1.6398E-01
  1.1909E+00  1.9712E-01
  1.2028E+00  3.0010E-02
  1.2147E+00  4.4000E-03
  1.2266E+00  1.5573E-03
  1.2385E+00  8.2934E-04
  1.2504E+00  5.4310E-04
  1.2623E+00  4.0766E-04
  1.2742E+00  2.8227E-04
  1.2862E+00  2.1848E-04
  1.2981E+00  1.9113E-04
  1.3100E+00  1.7801E-04
  1.3219E+00  1.7406E-04
  1.3338E+00  1.7587E-04
  1.3457E+00  1.8121E-04
  1.3576E+00  1.8877E-04
  1.3695E+00  1.9778E-04
  1.3814E+00  2.0784E-04
  1.3933E+00  2.1889E-04
  1.4052E+00  2.3147E-04
  1.4171E+00  2.4677E-04
  1.4291E+00  2.6763E-04
  1.4410E+00  3.0219E-04
  1.4529E+00  3.9559E-04
  1.4648E+00  9.6734E-04
  1.4767E+00  5.9247E-04
  1.4886E+00  1.0766E-03
  1.5005E+00  4.5567E-03
  1.5124E+00  2.0913E-02
  1.5243E+00  5.0152E-03
  1.5362E+00  2.6413E-03
  1.5481E+00  2.8772E-03
  1.5601E+00  6.4837E-03
  1.5720E+00  2.5657E-02
  1.5839E+00  6.1692E-03
  1.5958E+00  4.6051E-03
  1.6077E+00  7.0932E-03
  1.6196E+00  2.6850E-02
  1.6315E+00  1.2107E-02
  1.6434E+00  1.6311E-02
  1.6553E+00  9.9495E-03
  1.6672E+00  2.8563E-02
  1.6791E+00  8.6974E-02
  1.6911E+00  1.3638E-02
  1.7030E+00  5.9464E-03
  1.7149E+00  3.8493E-03
  1.7268E+00  3.7501E-03
  1.7387E+00  5.3265E-03
  1.7506E+00  1.1220E-02
  1.7625E+00  6.3501E-02
  1.7744E+00  2.1528E-02
  1.7863E+00  1.2931E-02
  1.7982E+00  1.3609E-02
  1.8101E+00  1.3997E-02
  1.8220E+00  1.3559E-02
  1.8340E+00  1.2477E-02
  1.8459E+00  1.1051E-02
  1.8578E+00  9.5580E-03
  1.8697E+00  8.1629E-03
  1.8816E+00  6.9316E-03
  1.8935E+00  5.8775E-03
  1.9054E+00  4.9940E-03
  1.9173E+00  4.2679E-03
  1.9292E+00  3.6832E-03
  1.9411E+00  3.2218E-03
  1.9530E+00  2.8648E-03
  1.9650E+00  2.5928E-03
  1.9769E+00  2.3868E-03
  1.9888E+00  2.2290E-03
  2.0007E+00  2.1032E-03
  2.0126E+00  1.9949E-03
  2.0245E+00  1.8919E-03
  2.0364E+00  1.7844E-03
  2.0483E+00  1.6655E-03
  2.0602E+00  1.5315E-03
  2.0721E+00  1.3826E-03
  2.0840E+00  1.2228E-03
  2.0960E+00  1.0591E-03
  2.1079E+00  9.0163E-04
  2.1198E+00  7.6168E-04
  2.1317E+00  6.5108E-04
  2.1436E+00  5.8097E-04
  2.1555E+00  5.6072E-04
  2.1674E+00  5.9705E-04
  2.1793E+00  6.9300E-04
  2.1912E+00  8.4723E-04
  2.2031E+00  1.0533E-03
  2.2150E+00  1.2993E-03
  2.2269E+00  1.5685E-03
  2.2389E+00  1.8402E-03
  2.2508E+00  2.0916E-03
  2.2627E+00  2.3003E-03
  2.2746E+00  2.4473E-03
  2.2865E+00  2.5189E-03
  2.2984E+00  2.5089E-03
  2.3103E+00  2.4191E-03
  2.3222E+00  2.2594E-03
  2.3341E+00  2.0464E-03
  2.3460E+00  1.8019E-03
  2.3579E+00  1.5511E-03
  2.3699E+00  1.3202E-03
  2.3818E+00  1.1341E-03
  2.3937E+00  1.0143E-03
  2.4056E+00  9.7640E-04
  2.4175E+00  1.0282E-03
  2.4294E+00  1.1682E-03
  2.4413E+00  1.3851E-03
  2.4532E+00  1.6584E-03
  2.4651E+00  1.9602E-03
  2.4770E+00  2.2579E-03
  2.4889E+00  2.5195E-03
  2.5009E+00  2.7164E-03
  2.5128E+00  2.8268E-03
  2.5247E+00  2.8393E-03
  2.5366E+00  2.7537E-03
  2.5485E+00  2.5817E-03
  2.5604E+00  2.3462E-03
  2.5723E+00  2.0785E-03
  2.5842E+00  1.8158E-03
  2.5961E+00  1.5977E-03
  2.6080E+00  1.4619E-03
  2.6199E+00  1.4400E-03
  2.6318E+00  1.5539E-03
  2.6438E+00  1.8127E-03
  2.6557E+00  2.2100E-03
  2.6676E+00  2.7240E-03
  2.6795E+00  3.3184E-03
  2.6914E+00  3.9453E-03
  2.7033E+00  4.5506E-03
  2.7152E+00  5.0789E-03
  2.7271E+00  5.4803E-03
  2.7390E+00  5.7155E-03
  2.7509E+00  5.7607E-03
  2.7628E+00  5.6099E-03
  2.7748E+00  5.2761E-03
  2.7867E+00  4.7898E-03
  2.7986E+00  4.1966E-03
  2.8105E+00  3.5527E-03
  2.8224E+00  2.9200E-03
  2.8343E+00  2.3600E-03
  2.8462E+00  1.9280E-03
  2.8581E+00  1.6677E-03
  2.8700E+00  1.6060E-03
  2.8819E+00  1.7502E-03
  2.8938E+00  2.0862E-03
  2.9058E+00  2.5794E-03
  2.9177E+00  3.1779E-03
  2.9296E+00  3.8176E-03
  2.9415E+00  4.4297E-03
  2.9534E+00  4.9475E-03
  2.9653E+00  5.3144E-03
  2.9772E+00  5.4900E-03
  2.9891E+00  5.4546E-03
  3.0010E+00  5.2109E-03
  3.0129E+00  4.7839E-03
  3.0248E+00  4.2177E-03
  3.0367E+00  3.5711E-03
  3.0487E+00  2.9112E-03
  3.0606E+00  2.3065E-03
  3.0725E+00  1.8197E-03
  3.0844E+00  1.5010E-03
  3.0963E+00  1.3828E-03
  3.1082E+00  1.4757E-03
  3.1201E+00  1.7668E-03
  3.1320E+00  2.2210E-03
  3.1439E+00  2.7841E-03
  3.1558E+00  3.3892E-03
  3.1677E+00  3.9641E-03
  3.1797E+00  4.4401E-03
  3.1916E+00  4.7599E-03
  3.2035E+00  4.8851E-03
  3.2154E+00  4.8010E-03
  3.2273E+00  4.5181E-03
  3.2392E+00  4.0720E-03
  3.2511E+00  3.5189E-03
  3.2630E+00  2.9297E-03
  3.2749E+00  2.3826E-03
  3.2868E+00  1.9540E-03
  3.2987E+00  1.7105E-03
  3.3106E+00  1.7013E-03
  3.3226E+00  1.9525E-03
  3.3345E+00  2.4635E-03
  3.3464E+00  3.2069E-03
  3.3583E+00  4.1309E-03
  3.3702E+00  5.1646E-03
  3.3821E+00  6.2269E-03
  3.3940E+00  7.2361E-03
  3.4059E+00  8.1204E-03
  3.4178E+00  8.8280E-03
  3.4297E+00  9.3347E-03
  3.4416E+00  9.6487E-03
  3.4536E+00  9.8112E-03
  3.4655E+00  9.8929E-03
  3.4774E+00  9.9865E-03
  3.4893E+00  1.0197E-02
  3.5012E+00  1.0627E-02
  3.5131E+00  1.1366E-02
  3.5250E+00  1.2479E-02
  3.5369E+00  1.3991E-02
  3.5488E+00  1.5883E-02
  3.5607E+00  1.8091E-02
  3.5726E+00  2.0503E-02
  3.5846E+00  2.2969E-02
  3.5965E+00  2.5309E-02
  3.6084E+00  2.7335E-02
  3.6203E+00  2.8862E-02
  3.6322E+00  2.9736E-02
  3.6441E+00  2.9843E-02
  3.6560E+00  2.9133E-02
  3.6679E+00  2.7624E-02
  3.6798E+00  2.5407E-02
  3.6917E+00  2.2640E-02
  3.7036E+00  1.9539E-02
  3.7155E+00  1.6356E-02
  3.7275E+00  1.3360E-02
  3.7394E+00  1.0809E-02
  3.7513E+00  8.9278E-03
  3.7632E+00  7.8872E-03
  3.7751E+00  7.7837E-03
  3.7870E+00  8.6297E-03
  3.7989E+00  1.0350E-02
  3.8108E+00  1.2784E-02
  3.8227E+00  1.5700E-02
  3.8346E+00  1.8815E-02
  3.8465E+00  2.1818E-02
  3.8585E+00  2.4403E-02
  3.8704E+00  2.6300E-02
  3.8823E+00  2.7304E-02
  3.8942E+00  2.7300E-02
  3.9061E+00  2.6281E-02
  3.9180E+00  2.4355E-02
  3.9299E+00  2.1737E-02
  3.9418E+00  1.8733E-02
  3.9537E+00  1.5717E-02
  3.9656E+00  1.3093E-02
  3.9775E+00  1.1261E-02
  3.9895E+00  1.0576E-02
  4.0014E+00  1.1315E-02
  4.0133E+00  1.3649E-02
  4.0252E+00  1.7623E-02
  4.0371E+00  2.3150E-02
  4.0490E+00  3.0015E-02
  4.0609E+00  3.7895E-02
  4.0728E+00  4.6385E-02
  4.0847E+00  5.5042E-02
  4.0966E+00  6.3430E-02
  4.1085E+00  7.1172E-02
  4.1204E+00  7.8001E-02
  4.1324E+00  8.3798E-02
  4.1443E+00  8.8630E-02
  4.1562E+00  9.2765E-02
  4.1681E+00  9.6667E-02
  4.1800E+00  1.0098E-01
  4.1919E+00  1.0648E-01
  4.2038E+00  1.1404E-01
  4.2157E+00  1.2453E-01
  4.2276E+00  1.3879E-01
  4.2395E+00  1.5752E-01
  4.2514E+00  1.8122E-01
  4.2634E+00  2.1017E-01
  4.2753E+00  2.4430E-01
  4.2872E+00  2.8327E-01
  4.2991E+00  3.2637E-01
  4.3110E+00  3.7258E-01
  4.3229E+00  4.2059E-01
  4.3348E+00  4.6886E-01
  4.3467E+00  5.1572E-01
  4.3586E+00  5.5940E-01
  4.3705E+00  5.9822E-01
  4.3824E+00  6.3061E-01
  4.3944E+00  6.5525E-01
  4.4063E+00  6.7114E-01
  4.4182E+00  6.7768E-01
  4.4301E+00  6.7466E-01
  4.4420E+00  6.6231E-01
  4.4539E+00  6.4125E-01
  4.4658E+00  6.1243E-01
  4.4777E+00  5.7710E-01
  4.4896E+00  5.3669E-01
  4.5015E+00  4.9273E-01
  4.5134E+00  4.4680E-01
  4.5253E+00  4.0037E-01
  4.5373E+00  3.5484E-01
  4.5492E+00  3.1137E-01
  4.5611E+00  2.7092E-01
  4.5730E+00  2.3419E-01
  4.5849E+00  2.0162E-01
  4.5968E+00  1.7338E-01
  4.6087E+00  1.4944E-01
  4.6206E+00  1.2954E-01
  4.6325E+00  1.1326E-01
  4.6444E+00  1.0009E-01
  4.6563E+00  8.9444E-02
  4.6683E+00  8.0742E-02
  4.6802E+00  7.3426E-02
  4.6921E+00  6.7013E-02
  4.7040E+00  6.1110E-02
  4.7159E+00  5.5435E-02
  4.7278E+00  4.9811E-02
  4.7397E+00  4.4168E-02
  4.7516E+00  3.8520E-02
  4.7635E+00  3.2948E-02
  4.7754E+00  2.7577E-02
  4.7873E+00  2.2550E-02
  4.7993E+00  1.8010E-02
  4.8112E+00  1.4077E-02
  4.8231E+00  1.0835E-02
  4.8350E+00  8.3278E-03
  4.8469E+00  6.5480E-03
  4.8588E+00  5.4449E-03
  4.8707E+00  4.9280E-03
  4.8826E+00  4.8775E-03
  4.8945E+00  5.1564E-03
  4.9064E+00  5.6232E-03
  4.9183E+00  6.1446E-03
  4.9302E+00  6.6057E-03
  4.9422E+00  6.9181E-03
  4.9541E+00  7.0242E-03
  4.9660E+00  6.8989E-03
  4.9779E+00  6.5471E-03
  4.9898E+00  5.9993E-03
  5.0017E+00  5.3052E-03
  5.0136E+00  4.5258E-03
  5.0255E+00  3.7262E-03
  5.0374E+00  2.9681E-03
  5.0493E+00  2.3043E-03
  5.0612E+00  1.7739E-03
  5.0732E+00  1.4001E-03
  5.0851E+00  1.1893E-03
  5.0970E+00  1.1322E-03
  5.1089E+00  1.2063E-03
  5.1208E+00  1.3794E-03
  5.1327E+00  1.6135E-03
  5.1446E+00  1.8696E-03
  5.1565E+00  2.1111E-03
  5.1684E+00  2.3076E-03
  5.1803E+00  2.4367E-03
  5.1922E+00  2.4860E-03
  5.2042E+00  2.4523E-03
  5.2161E+00  2.3412E-03
  5.2280E+00  2.1654E-03
  5.2399E+00  1.9424E-03
  5.2518E+00  1.6920E-03
  5.2637E+00  1.4341E-03
  5.2756E+00  1.1868E-03
  5.2875E+00  9.6460E-04
  5.2994E+00  7.7769E-04
  5.3113E+00  6.3135E-04
  5.3232E+00  5.2626E-04
  5.3351E+00  4.5909E-04
  5.3471E+00  4.2344E-04
  5.3590E+00  4.1102E-04
  5.3709E+00  4.1287E-04
  5.3828E+00  4.2039E-04
  5.3947E+00  4.2634E-04
  5.4066E+00  4.2539E-04
  5.4185E+00  4.1448E-04
  5.4304E+00  3.9279E-04
  5.4423E+00  3.6149E-04
  5.4542E+00  3.2328E-04
  5.4661E+00  2.8178E-04
  5.4781E+00  2.4092E-04
  5.4900E+00  2.0438E-04
  5.5019E+00  1.7515E-04
  5.5138E+00  1.5522E-04
  5.5257E+00  1.4543E-04
  5.5376E+00  1.4555E-04
  5.5495E+00  1.5435E-04
  5.5614E+00  1.6991E-04
  5.5733E+00  1.8990E-04
  5.5852E+00  2.1184E-04
  5.5971E+00  2.3344E-04
  5.6091E+00  2.5274E-04
  5.6210E+00  2.6829E-04
  5.6329E+00  2.7922E-04
  5.6448E+00  2.8514E-04
  5.6567E+00  2.8617E-04
  5.6686E+00  2.8274E-04
  5.6805E+00  2.7550E-04
  5.6924E+00  2.6519E-04
  5.7043E+00  2.5250E-04
  5.7162E+00  2.3807E-04
  5.7281E+00  2.2240E-04
  5.7400E+00  2.0588E-04
  5.7520E+00  1.8884E-04
  5.7639E+00  1.7155E-04
  5.7758E+00  1.5430E-04
  5.7877E+00  1.3742E-04
  5.7996E+00  1.2128E-04
  5.8115E+00  1.0630E-04
  5.8234E+00  9.2923E-05
  5.8353E+00  8.1544E-05
  5.8472E+00  7.2475E-05
  5.8591E+00  6.5894E-05
  5.8710E+00  6.1804E-05
  5.8830E+00  6.0019E-05
  5.8949E+00  6.0176E-05
  5.9068E+00  6.1768E-05
  5.9187E+00  6.4201E-05
  5.9306E+00  6.6864E-05
  5.9425E+00  6.9203E-05
  5.9544E+00  7.0786E-05
  5.9663E+00  7.1348E-05
  5.9782E+00  7.0816E-05
  5.9901E+00  6.9297E-05
  6.0020E+00  6.7054E-05
  6.0140E+00  6.4450E-05
  6.0259E+00  6.1882E-05
  6.0378E+00  5.9722E-05
  6.0497E+00  5.8264E-05
  6.0616E+00  5.7685E-05
  6.0735E+00  5.8038E-05
  6.0854E+00  5.9271E-05
  6.0973E+00  6.1259E-05
  6.1092E+00  6.3866E-05
  6.1211E+00  6.7002E-05
  6.1330E+00  7.0677E-05
  6.1449E+00  7.5036E-05
  6.1569E+00  8.0366E-05
  6.1688E+00  8.7071E-05
  6.1807E+00  9.5605E-05
  6.1926E+00  1.0639E-04
  6.2045E+00  1.1971E-04
  6.2164E+00  1.3561E-04
  6.2283E+00  1.5379E-04
  6.2402E+00  1.7360E-04
  6.2521E+00  1.9400E-04
  6.2640E+00  2.1362E-04
  6.2759E+00  2.3089E-04
  6.2879E+00  2.4420E-04
  6.2998E+00  2.5208E-04
  6.3117E+00  2.5344E-04
  6.3236E+00  2.4771E-04
  6.3355E+00  2.3505E-04
  6.3474E+00  2.1640E-04
  6.3593E+00  1.9346E-04
  6.3712E+00  1.6865E-04
  6.3831E+00  1.4486E-04
  6.3950E+00  1.2518E-04
  6.4069E+00  1.1259E-04
  6.4188E+00  1.0957E-04
  6.4308E+00  1.1778E-04
  6.4427E+00  1.3780E-04
  6.4546E+00  1.6894E-04
  6.4665E+00  2.0925E-04
  6.4784E+00  2.5560E-04
  6.4903E+00  3.0400E-04
  6.5022E+00  3.4994E-04
  6.5141E+00  3.8889E-04
  6.5260E+00  4.1680E-04
  6.5379E+00  4.3056E-04
  6.5498E+00  4.2845E-04
  6.5618E+00  4.1036E-04
  6.5737E+00  3.7791E-04
  6.5856E+00  3.3435E-04
  6.5975E+00  2.8430E-04
  6.6094E+00  2.3326E-04
  6.6213E+00  1.8707E-04
  6.6332E+00  1.5123E-04
  6.6451E+00  1.3026E-04
  6.6570E+00  1.2713E-04
  6.6689E+00  1.4284E-04
  6.6808E+00  1.7624E-04
  6.6928E+00  2.2406E-04
  6.7047E+00  2.8124E-04
  6.7166E+00  3.4146E-04
  6.7285E+00  3.9789E-04
  6.7404E+00  4.4403E-04
  6.7523E+00  4.7451E-04
  6.7642E+00  4.8581E-04
  6.7761E+00  4.7684E-04
  6.7880E+00  4.4920E-04
  6.7999E+00  4.0711E-04
  6.8118E+00  3.5710E-04
  6.8237E+00  3.0732E-04
  6.8357E+00  2.6674E-04
  6.8476E+00  2.4406E-04
  6.8595E+00  2.4674E-04
  6.8714E+00  2.8005E-04
  6.8833E+00  3.4633E-04
  6.8952E+00  4.4462E-04
  6.9071E+00  5.7068E-04
  6.9190E+00  7.1738E-04
  6.9309E+00  8.7557E-04
  6.9428E+00  1.0352E-03
  6.9547E+00  1.1867E-03
  6.9667E+00  1.3225E-03
  6.9786E+00  1.4378E-03
  6.9905E+00  1.5324E-03
  7.0024E+00  1.6103E-03
  7.0143E+00  1.6801E-03
  7.0262E+00  1.7542E-03
  7.0381E+00  1.8477E-03
  7.0500E+00  1.9763E-03
  7.0619E+00  2.1547E-03
  7.0738E+00  2.3941E-03
  7.0857E+00  2.7007E-03
  7.0977E+00  3.0734E-03
  7.1096E+00  3.5033E-03
  7.1215E+00  3.9731E-03
  7.1334E+00  4.4583E-03
  7.1453E+00  4.9281E-03
  7.1572E+00  5.3483E-03
  7.1691E+00  5.6842E-03
  7.1810E+00  5.9045E-03
  7.1929E+00  5.9843E-03
  7.2048E+00  5.9087E-03
  7.2167E+00  5.6753E-03
  7.2286E+00  5.2956E-03
  7.2406E+00  4.7949E-03
  7.2525E+00  4.2113E-03
  7.2644E+00  3.5932E-03
  7.2763E+00  2.9946E-03
  7.2882E+00  2.4713E-03
  7.3001E+00  2.0749E-03
  7.3120E+00  1.8484E-03
  7.3239E+00  1.8206E-03
  7.3358E+00  2.0034E-03
  7.3477E+00  2.3892E-03
  7.3596E+00  2.9505E-03
  7.3716E+00  3.6420E-03
  7.3835E+00  4.4032E-03
  7.3954E+00  5.1645E-03
  7.4073E+00  5.8533E-03
  7.4192E+00  6.4016E-03
  7.4311E+00  6.7533E-03
  7.4430E+00  6.8710E-03
  7.4549E+00  6.7417E-03
  7.4668E+00  6.3799E-03
  7.4787E+00  5.8285E-03
  7.4906E+00  5.1565E-03
  7.5026E+00  4.4546E-03
  7.5145E+00  3.8276E-03
  7.5264E+00  3.3854E-03
  7.5383E+00  3.2333E-03
  7.5502E+00  3.4616E-03
  7.5621E+00  4.1364E-03
  7.5740E+00  5.2931E-03
  7.5859E+00  6.9314E-03
  7.5978E+00  9.0144E-03
  7.6097E+00  1.1472E-02
  7.6216E+00  1.4206E-02
  7.6335E+00  1.7102E-02
  7.6455E+00  2.0040E-02
  7.6574E+00  2.2911E-02
  7.6693E+00  2.5633E-02
  7.6812E+00  2.8160E-02
  7.6931E+00  3.0501E-02
  7.7050E+00  3.2725E-02
  7.7169E+00  3.4963E-02
  7.7288E+00  3.7408E-02
  7.7407E+00  4.0306E-02
  7.7526E+00  4.3939E-02
  7.7645E+00  4.8611E-02
  7.7765E+00  5.4620E-02
  7.7884E+00  6.2232E-02
  7.8003E+00  7.1661E-02
  7.8122E+00  8.3040E-02
  7.8241E+00  9.6403E-02
  7.8360E+00  1.1167E-01
  7.8479E+00  1.2863E-01
  7.8598E+00  1.4697E-01
  7.8717E+00  1.6624E-01
  7.8836E+00  1.8589E-01
  7.8955E+00  2.0531E-01
  7.9075E+00  2.2382E-01
  7.9194E+00  2.4075E-01
  7.9313E+00  2.5543E-01
  7.9432E+00  2.6729E-01
  7.9551E+00  2.7583E-01
  7.9670E+00  2.8067E-01
  7.9789E+00  2.8163E-01
  7.9908E+00  2.7864E-01
  8.0027E+00  2.7185E-01
  8.0146E+00  2.6153E-01
  8.0265E+00  2.4811E-01
  8.0384E+00  2.3215E-01
  8.0504E+00  2.1426E-01
  8.0623E+00  1.9512E-01
  8.0742E+00  1.7542E-01
  8.0861E+00  1.5580E-01
  8.0980E+00  1.3685E-01
  8.1099E+00  1.1908E-01
  8.1218E+00  1.0287E-01
  8.1337E+00  8.8497E-02
  8.1456E+00  7.6107E-02
  8.1575E+00  6.5726E-02
  8.1694E+00  5.7271E-02
  8.1814E+00  5.0568E-02
  8.1933E+00  4.5374E-02
  8.2052E+00  4.1402E-02
  8.2171E+00  3.8344E-02
  8.2290E+00  3.5900E-02
  8.2409E+00  3.3794E-02
  8.2528E+00  3.1797E-02
  8.2647E+00  2.9737E-02
  8.2766E+00  2.7503E-02
  8.2885E+00  2.5047E-02
  8.3004E+00  2.2379E-02
  8.3124E+00  1.9558E-02
  8.3243E+00  1.6677E-02
  8.3362E+00  1.3850E-02
  8.3481E+00  1.1195E-02
  8.3600E+00  8.8245E-03
  8.3719E+00  6.8290E-03
  8.3838E+00  5.2716E-03
  8.3957E+00  4.1812E-03
  8.4076E+00  3.5512E-03
  8.4195E+00  3.3420E-03
  8.4314E+00  3.4849E-03
  8.4433E+00  3.8906E-03
  8.4553E+00  4.4576E-03
  8.4672E+00  5.0816E-03
  8.4791E+00  5.6657E-03
  8.4910E+00  6.1275E-03
  8.5029E+00  6.4064E-03
  8.5148E+00  6.4668E-03
  8.5267E+00  6.2998E-03
  8.5386E+00  5.9218E-03
  8.5505E+00  5.3707E-03
  8.5624E+00  4.7007E-03
  8.5743E+00  3.9761E-03
  8.5863E+00  3.2637E-03
  8.5982E+00  2.6265E-03
  8.6101E+00  2.1179E-03
  8.6220E+00  1.7771E-03
  8.6339E+00  1.6261E-03
  8.6458E+00  1.6688E-03
  8.6577E+00  1.8917E-03
  8.6696E+00  2.2659E-03
  8.6815E+00  2.7508E-03
  8.6934E+00  3.2982E-03
  8.7053E+00  3.8574E-03
  8.7173E+00  4.3794E-03
  8.7292E+00  4.8216E-03
  8.7411E+00  5.1508E-03
  8.7530E+00  5.3455E-03
  8.7649E+00  5.3969E-03
  8.7768E+00  5.3085E-03
  8.7887E+00  5.0949E-03
  8.8006E+00  4.7791E-03
  8.8125E+00  4.3896E-03
  8.8244E+00  3.9576E-03
  8.8363E+00  3.5133E-03
  8.8482E+00  3.0838E-03
  8.8602E+00  2.6905E-03
  8.8721E+00  2.3481E-03
  8.8840E+00  2.0644E-03
  8.8959E+00  1.8397E-03
  8.9078E+00  1.6689E-03
  8.9197E+00  1.5420E-03
  8.9316E+00  1.4466E-03
  8.9435E+00  1.3691E-03
  8.9554E+00  1.2970E-03
  8.9673E+00  1.2202E-03
  8.9792E+00  1.1315E-03
  8.9912E+00  1.0281E-03
  9.0031E+00  9.1053E-04
  9.0150E+00  7.8285E-04
  9.0269E+00  6.5155E-04
  9.0388E+00  5.2447E-04
  9.0507E+00  4.0958E-04
  9.0626E+00  3.1387E-04
  9.0745E+00  2.4245E-04
  9.0864E+00  1.9785E-04
  9.0983E+00  1.7981E-04
  9.1102E+00  1.8538E-04
  9.1222E+00  2.0934E-04
  9.1341E+00  2.4488E-04
  9.1460E+00  2.8451E-04
  9.1579E+00  3.2093E-04
  9.1698E+00  3.4790E-04
  9.1817E+00  3.6093E-04
  9.1936E+00  3.5776E-04
  9.2055E+00  3.3850E-04
  9.2174E+00  3.0556E-04
  9.2293E+00  2.6322E-04
  9.2412E+00  2.1709E-04
  9.2531E+00  1.7326E-04
  9.2651E+00  1.3762E-04
  9.2770E+00  1.1500E-04
  9.2889E+00  1.0865E-04
  9.3008E+00  1.1979E-04
  9.3127E+00  1.4748E-04
  9.3246E+00  1.8878E-04
  9.3365E+00  2.3906E-04
  9.3484E+00  2.9260E-04
  9.3603E+00  3.4327E-04
  9.3722E+00  3.8527E-04
  9.3841E+00  4.1374E-04
  9.3961E+00  4.2540E-04
  9.4080E+00  4.1883E-04
  9.4199E+00  3.9468E-04
  9.4318E+00  3.5555E-04
  9.4437E+00  3.0567E-04
  9.4556E+00  2.5043E-04
  9.4675E+00  1.9575E-04
  9.4794E+00  1.4739E-04
  9.4913E+00  1.1029E-04
  9.5032E+00  8.8076E-05
  9.5151E+00  8.2574E-05
  9.5271E+00  9.3690E-05
  9.5390E+00  1.1942E-04
  9.5509E+00  1.5612E-04
  9.5628E+00  1.9895E-04
  9.5747E+00  2.4246E-04
  9.5866E+00  2.8124E-04
  9.5985E+00  3.1055E-04
  9.6104E+00  3.2685E-04
  9.6223E+00  3.2825E-04
  9.6342E+00  3.1464E-04
  9.6461E+00  2.8778E-04
  9.6580E+00  2.5100E-04
  9.6700E+00  2.0888E-04
  9.6819E+00  1.6669E-04
  9.6938E+00  1.2981E-04
  9.7057E+00  1.0308E-04
  9.7176E+00  9.0274E-05
  9.7295E+00  9.3639E-05
  9.7414E+00  1.1364E-04
  9.7533E+00  1.4889E-04
  9.7652E+00  1.9627E-04
  9.7771E+00  2.5125E-04
  9.7890E+00  3.0841E-04
  9.8010E+00  3.6203E-04
  9.8129E+00  4.0668E-04
  9.8248E+00  4.3783E-04
  9.8367E+00  4.5236E-04
  9.8486E+00  4.4888E-04
  9.8605E+00  4.2786E-04
  9.8724E+00  3.9155E-04
  9.8843E+00  3.4378E-04
  9.8962E+00  2.8949E-04
  9.9081E+00  2.3419E-04
  9.9200E+00  1.8342E-04
  9.9319E+00  1.4210E-04
  9.9439E+00  1.1406E-04
  9.9558E+00  1.0166E-04
  9.9677E+00  1.0551E-04
  9.9796E+00  1.2447E-04
  9.9915E+00  1.5579E-04
  1.0003E+01  1.9542E-04
  1.0015E+01  2.3848E-04
  1.0027E+01  2.7980E-04
  1.0039E+01  3.1450E-04
  1.0051E+01  3.3852E-04
  1.0063E+01  3.4905E-04
  1.0075E+01  3.4484E-04
  1.0087E+01  3.2631E-04
  1.0099E+01  2.9544E-04
  1.0111E+01  2.5559E-04
  1.0122E+01  2.1103E-04
  1.0134E+01  1.6650E-04
  1.0146E+01  1.2663E-04
  1.0158E+01  9.5488E-05
  1.0170E+01  7.6070E-05
  1.0182E+01  7.0033E-05
  1.0194E+01  7.7513E-05
  1.0206E+01  9.7137E-05
  1.0218E+01  1.2619E-04
  1.0230E+01  1.6095E-04
  1.0242E+01  1.9710E-04
  1.0253E+01  2.3025E-04
  1.0265E+01  2.5640E-04
  1.0277E+01  2.7243E-04
  1.0289E+01  2.7646E-04
  1.0301E+01  2.6801E-04
  1.0313E+01  2.4811E-04
  1.0325E+01  2.1915E-04
  1.0337E+01  1.8457E-04
  1.0349E+01  1.4852E-04
  1.0361E+01  1.1532E-04
  1.0373E+01  8.8999E-05
  1.0384E+01  7.2822E-05
  1.0396E+01  6.8937E-05
  1.0408E+01  7.8132E-05
  1.0420E+01  9.9764E-05
  1.0432E+01  1.3185E-04
  1.0444E+01  1.7132E-04
  1.0456E+01  2.1438E-04
  1.0468E+01  2.5696E-04
  1.0480E+01  2.9522E-04
  1.0492E+01  3.2602E-04
  1.0504E+01  3.4729E-04
  1.0515E+01  3.5831E-04
  1.0527E+01  3.5985E-04
  1.0539E+01  3.5404E-04
  1.0551E+01  3.4421E-04
  1.0563E+01  3.3445E-04
  1.0575E+01  3.2913E-04
  1.0587E+01  3.3239E-04
  1.0599E+01  3.4754E-04
  1.0611E+01  3.7662E-04
  1.0623E+01  4.2011E-04
  1.0635E+01  4.7669E-04
  1.0646E+01  5.4333E-04
  1.0658E+01  6.1548E-04
  1.0670E+01  6.8751E-04
  1.0682E+01  7.5321E-04
  1.0694E+01  8.0645E-04
  1.0706E+01  8.4181E-04
  1.0718E+01  8.5516E-04
  1.0730E+01  8.4417E-04
  1.0742E+01  8.0864E-04
  1.0754E+01  7.5058E-04
  1.0766E+01  6.7417E-04
  1.0777E+01  5.8540E-04
  1.0789E+01  4.9153E-04
  1.0801E+01  4.0048E-04
  1.0813E+01  3.1999E-04
  1.0825E+01  2.5692E-04
  1.0837E+01  2.1654E-04
  1.0849E+01  2.0194E-04
  1.0861E+01  2.1374E-04
  1.0873E+01  2.4998E-04
  1.0885E+01  3.0630E-04
  1.0897E+01  3.7635E-04
  1.0908E+01  4.5243E-04
  1.0920E+01  5.2624E-04
  1.0932E+01  5.8974E-04
  1.0944E+01  6.3597E-04
  1.0956E+01  6.5976E-04
  1.0968E+01  6.5829E-04
  1.0980E+01  6.3146E-04
  1.0992E+01  5.8188E-04
  1.1004E+01  5.1477E-04
  1.1016E+01  4.3740E-04
  1.1028E+01  3.5850E-04
  1.1039E+01  2.8735E-04
  1.1051E+01  2.3291E-04
  1.1063E+01  2.0286E-04
  1.1075E+01  2.0288E-04
  1.1087E+01  2.3596E-04
  1.1099E+01  3.0211E-04
  1.1111E+01  3.9828E-04
  1.1123E+01  5.1865E-04
  1.1135E+01  6.5518E-04
  1.1147E+01  7.9844E-04
  1.1159E+01  9.3855E-04
  1.1170E+01  1.0662E-03
  1.1182E+01  1.1739E-03
  1.1194E+01  1.2563E-03
  1.1206E+01  1.3116E-03
  1.1218E+01  1.3415E-03
  1.1230E+01  1.3513E-03
  1.1242E+01  1.3497E-03
  1.1254E+01  1.3486E-03
  1.1266E+01  1.3614E-03
  1.1278E+01  1.4029E-03
  1.1290E+01  1.4873E-03
  1.1301E+01  1.6275E-03
  1.1313E+01  1.8334E-03
  1.1325E+01  2.1114E-03
  1.1337E+01  2.4635E-03
  1.1349E+01  2.8866E-03
  1.1361E+01  3.3728E-03
  1.1373E+01  3.9096E-03
  1.1385E+01  4.4806E-03
  1.1397E+01  5.0666E-03
  1.1409E+01  5.6465E-03
  1.1421E+01  6.1990E-03
  1.1432E+01  6.7032E-03
  1.1444E+01  7.1406E-03
  1.1456E+01  7.4955E-03
  1.1468E+01  7.7561E-03
  1.1480E+01  7.9146E-03
  1.1492E+01  7.9680E-03
  1.1504E+01  7.9175E-03
  1.1516E+01  7.7684E-03
  1.1528E+01  7.5295E-03
  1.1540E+01  7.2126E-03
  1.1552E+01  6.8314E-03
  1.1563E+01  6.4007E-03
  1.1575E+01  5.9357E-03
  1.1587E+01  5.4512E-03
  1.1599E+01  4.9609E-03
  1.1611E+01  4.4768E-03
  1.1623E+01  4.0089E-03
  1.1635E+01  3.5653E-03
  1.1647E+01  3.1516E-03
  1.1659E+01  2.7716E-03
  1.1671E+01  2.4273E-03
  1.1683E+01  2.1189E-03
  1.1694E+01  1.8457E-03
  1.1706E+01  1.6061E-03
  1.1718E+01  1.3975E-03
  1.1730E+01  1.2175E-03
  1.1742E+01  1.0631E-03
  1.1754E+01  9.3156E-04
  1.1766E+01  8.1994E-04
  1.1778E+01  7.2553E-04
  1.1790E+01  6.4570E-04
  1.1802E+01  5.7794E-04
  1.1814E+01  5.1989E-04
  1.1825E+01  4.6938E-04
  1.1837E+01  4.2443E-04
  1.1849E+01  3.8337E-04
  1.1861E+01  3.4484E-04
  1.1873E+01  3.0784E-04
  1.1885E+01  2.7183E-04
  1.1897E+01  2.3663E-04
  1.1909E+01  2.0252E-04
  1.1921E+01  1.7007E-04
  1.1933E+01  1.4013E-04
  1.1945E+01  1.1363E-04
  1.1956E+01  9.1552E-05
  1.1968E+01  7.4688E-05
  1.1980E+01  6.3590E-05
  1.1992E+01  5.8443E-05
  1.2004E+01  5.9016E-05
  1.2016E+01  6.4644E-05
  1.2028E+01  7.4272E-05
  1.2040E+01  8.6530E-05
  1.2052E+01  9.9862E-05
  1.2064E+01  1.1267E-04
  1.2076E+01  1.2348E-04
  1.2087E+01  1.3110E-04
  1.2099E+01  1.3474E-04
  1.2111E+01  1.3414E-04
  1.2123E+01  1.2956E-04
  1.2135E+01  1.2181E-04
  1.2147E+01  1.1217E-04
  1.2159E+01  1.0222E-04
  1.2171E+01  9.3748E-05
  1.2183E+01  8.8497E-05
  1.2195E+01  8.8016E-05
  1.2207E+01  9.3476E-05
  1.2218E+01  1.0554E-04
  1.2230E+01  1.2426E-04
  1.2242E+01  1.4909E-04
  1.2254E+01  1.7889E-04
  1.2266E+01  2.1201E-04
  1.2278E+01  2.4645E-04
  1.2290E+01  2.8002E-04
  1.2302E+01  3.1053E-04
  1.2314E+01  3.3599E-04
  1.2326E+01  3.5477E-04
  1.2338E+01  3.6572E-04
  1.2349E+01  3.6828E-04
  1.2361E+01  3.6252E-04
  1.2373E+01  3.4907E-04
  1.2385E+01  3.2907E-04
  1.2397E+01  3.0404E-04
  1.2409E+01  2.7574E-04
  1.2421E+01  2.4595E-04
  1.2433E+01  2.1637E-04
  1.2445E+01  1.8845E-04
  1.2457E+01  1.6327E-04
  1.2469E+01  1.4155E-04
  1.2480E+01  1.2354E-04
  1.2492E+01  1.0914E-04
  1.2504E+01  9.7914E-05
  1.2516E+01  8.9223E-05
  1.2528E+01  8.2308E-05
  1.2540E+01  7.6413E-05
  1.2552E+01  7.0875E-05
  1.2564E+01  6.5201E-05
  1.2576E+01  5.9107E-05
  1.2588E+01  5.2532E-05
  1.2600E+01  4.5615E-05
  1.2611E+01  3.8649E-05
  1.2623E+01  3.2017E-05
  1.2635E+01  2.6116E-05
  1.2647E+01  2.1291E-05
  1.2659E+01  1.7775E-05
  1.2671E+01  1.5653E-05
  1.2683E+01  1.4855E-05
  1.2695E+01  1.5164E-05
  1.2707E+01  1.6259E-05
  1.2719E+01  1.7770E-05
  1.2731E+01  1.9335E-05
  1.2742E+01  2.0666E-05
  1.2754E+01  2.1593E-05
  1.2766E+01  2.2096E-05
  1.2778E+01  2.2314E-05
  1.2790E+01  2.2520E-05
  1.2802E+01  2.3082E-05
  1.2814E+01  2.4404E-05
  1.2826E+01  2.6852E-05
  1.2838E+01  3.0687E-05
  1.2850E+01  3.6003E-05
  1.2862E+01  4.2687E-05
  1.2873E+01  5.0409E-05
  1.2885E+01  5.8634E-05
  1.2897E+01  6.6678E-05
  1.2909E+01  7.3780E-05
  1.2921E+01  7.9197E-05
  1.2933E+01  8.2304E-05
  1.2945E+01  8.2688E-05
  1.2957E+01  8.0217E-05
  1.2969E+01  7.5089E-05
  1.2981E+01  6.7830E-05
  1.2993E+01  5.9255E-05
  1.3004E+01  5.0397E-05
  1.3016E+01  4.2392E-05
  1.3028E+01  3.6355E-05
  1.3040E+01  3.3244E-05
  1.3052E+01  3.3735E-05
  1.3064E+01  3.8126E-05
  1.3076E+01  4.6276E-05
  1.3088E+01  5.7598E-05
  1.3100E+01  7.1100E-05
  1.3112E+01  8.5481E-05
  1.3124E+01  9.9274E-05
  1.3135E+01  1.1101E-04
  1.3147E+01  1.1940E-04
  1.3159E+01  1.2352E-04
  1.3171E+01  1.2293E-04
  1.3183E+01  1.1778E-04
  1.3195E+01  1.0881E-04
  1.3207E+01  9.7326E-05
  1.3219E+01  8.5080E-05
  1.3231E+01  7.4074E-05
  1.3243E+01  6.6352E-05
  1.3255E+01  6.3761E-05
  1.3266E+01  6.7723E-05
  1.3278E+01  7.9035E-05
  1.3290E+01  9.7742E-05
  1.3302E+01  1.2307E-04
  1.3314E+01  1.5346E-04
  1.3326E+01  1.8669E-04
  1.3338E+01  2.2003E-04
  1.3350E+01  2.5058E-04
  1.3362E+01  2.7550E-04
  1.3374E+01  2.9236E-04
  1.3386E+01  2.9941E-04
  1.3397E+01  2.9579E-04
  1.3409E+01  2.8171E-04
  1.3421E+01  2.5845E-04
  1.3433E+01  2.2826E-04
  1.3445E+01  1.9420E-04
  1.3457E+01  1.5983E-04
  1.3469E+01  1.2884E-04
  1.3481E+01  1.0466E-04
  1.3493E+01  9.0094E-05
  1.3505E+01  8.7027E-05
  1.3517E+01  9.6164E-05
  1.3528E+01  1.1694E-04
  1.3540E+01  1.4756E-04
  1.3552E+01  1.8512E-04
  1.3564E+01  2.2595E-04
  1.3576E+01  2.6590E-04
  1.3588E+01  3.0087E-04
  1.3600E+01  3.2713E-04
  1.3612E+01  3.4185E-04
  1.3624E+01  3.4332E-04
  1.3636E+01  3.3124E-04
  1.3647E+01  3.0674E-04
  1.3659E+01  2.7231E-04
  1.3671E+01  2.3156E-04
  1.3683E+01  1.8882E-04
  1.3695E+01  1.4871E-04
  1.3707E+01  1.1561E-04
  1.3719E+01  9.3160E-05
  1.3731E+01  8.3873E-05
  1.3743E+01  8.8800E-05
  1.3755E+01  1.0741E-04
  1.3767E+01  1.3764E-04
  1.3778E+01  1.7608E-04
  1.3790E+01  2.1838E-04
  1.3802E+01  2.5971E-04
  1.3814E+01  2.9532E-04
  1.3826E+01  3.2107E-04
  1.3838E+01  3.3398E-04
  1.3850E+01  3.3255E-04
  1.3862E+01  3.1703E-04
  1.3874E+01  2.8942E-04
  1.3886E+01  2.5334E-04
  1.3898E+01  2.1364E-04
  1.3909E+01  1.7590E-04
  1.3921E+01  1.4582E-04
  1.3933E+01  1.2854E-04
  1.3945E+01  1.2808E-04
  1.3957E+01  1.4681E-04
  1.3969E+01  1.8513E-04
  1.3981E+01  2.4144E-04
  1.3993E+01  3.1224E-04
  1.4005E+01  3.9258E-04
  1.4017E+01  4.7662E-04
  1.4029E+01  5.5838E-04
  1.4040E+01  6.3253E-04
  1.4052E+01  6.9508E-04
  1.4064E+01  7.4404E-04
  1.4076E+01  7.7978E-04
  1.4088E+01  8.0517E-04
  1.4100E+01  8.2539E-04
  1.4112E+01  8.4748E-04
  1.4124E+01  8.7959E-04
  1.4136E+01  9.2996E-04
  1.4148E+01  1.0060E-03
  1.4160E+01  1.1129E-03
  1.4171E+01  1.2531E-03
  1.4183E+01  1.4254E-03
  1.4195E+01  1.6245E-03
  1.4207E+01  1.8411E-03
  1.4219E+01  2.0626E-03
  1.4231E+01  2.2738E-03
  1.4243E+01  2.4587E-03
  1.4255E+01  2.6013E-03
  1.4267E+01  2.6878E-03
  1.4279E+01  2.7081E-03
  1.4291E+01  2.6569E-03
  1.4302E+01  2.5349E-03
  1.4314E+01  2.3487E-03
  1.4326E+01  2.1113E-03
  1.4338E+01  1.8409E-03
  1.4350E+01  1.5595E-03
  1.4362E+01  1.2912E-03
  1.4374E+01  1.0603E-03
  1.4386E+01  8.8863E-04
  1.4398E+01  7.9342E-04
  1.4410E+01  7.8567E-04
  1.4422E+01  8.6852E-04
  1.4433E+01  1.0366E-03
  1.4445E+01  1.2762E-03
  1.4457E+01  1.5662E-03
  1.4469E+01  1.8797E-03
  1.4481E+01  2.1868E-03
  1.4493E+01  2.4572E-03
  1.4505E+01  2.6635E-03
  1.4517E+01  2.7843E-03
  1.4529E+01  2.8064E-03
  1.4541E+01  2.7271E-03
  1.4553E+01  2.5548E-03
  1.4564E+01  2.3091E-03
  1.4576E+01  2.0196E-03
  1.4588E+01  1.7234E-03
  1.4600E+01  1.4624E-03
  1.4612E+01  1.2794E-03
  1.4624E+01  1.2143E-03
  1.4636E+01  1.3000E-03
  1.4648E+01  1.5594E-03
  1.4660E+01  2.0025E-03
  1.4672E+01  2.6249E-03
  1.4684E+01  3.4080E-03
  1.4695E+01  4.3205E-03
  1.4707E+01  5.3209E-03
  1.4719E+01  6.3621E-03
  1.4731E+01  7.3964E-03
  1.4743E+01  8.3816E-03
  1.4755E+01  9.2863E-03
  1.4767E+01  1.0095E-02
  1.4779E+01  1.0814E-02
  1.4791E+01  1.1471E-02
  1.4803E+01  1.2118E-02
  1.4815E+01  1.2827E-02
  1.4826E+01  1.3693E-02
  1.4838E+01  1.4818E-02
  1.4850E+01  1.6314E-02
  1.4862E+01  1.8287E-02
  1.4874E+01  2.0833E-02
  1.4886E+01  2.4026E-02
  1.4898E+01  2.7910E-02
  1.4910E+01  3.2492E-02
  1.4922E+01  3.7738E-02
  1.4934E+01  4.3569E-02
  1.4946E+01  4.9863E-02
  1.4957E+01  5.6458E-02
  1.4969E+01  6.3158E-02
  1.4981E+01  6.9744E-02
  1.4993E+01  7.5982E-02
  1.5005E+01  8.1643E-02
  1.5017E+01  8.6507E-02
  1.5029E+01  9.0385E-02
  1.5041E+01  9.3123E-02
  1.5053E+01  9.4612E-02
  1.5065E+01  9.4799E-02
  1.5077E+01  9.3683E-02
  1.5088E+01  9.1317E-02
  1.5100E+01  8.7804E-02
  1.5112E+01  8.3291E-02
  1.5124E+01  7.7958E-02
  1.5136E+01  7.2010E-02
  1.5148E+01  6.5663E-02
  1.5160E+01  5.9137E-02
  1.5172E+01  5.2639E-02
  1.5184E+01  4.6356E-02
  1.5196E+01  4.0448E-02
  1.5208E+01  3.5041E-02
  1.5219E+01  3.0219E-02
  1.5231E+01  2.6032E-02
  1.5243E+01  2.2487E-02
  1.5255E+01  1.9559E-02
  1.5267E+01  1.7196E-02
  1.5279E+01  1.5320E-02
  1.5291E+01  1.3844E-02
  1.5303E+01  1.2674E-02
  1.5315E+01  1.1717E-02
  1.5327E+01  1.0890E-02
  1.5339E+01  1.0124E-02
  1.5350E+01  9.3653E-03
  1.5362E+01  8.5803E-03
  1.5374E+01  7.7531E-03
  1.5386E+01  6.8846E-03
  1.5398E+01  5.9895E-03
  1.5410E+01  5.0921E-03
  1.5422E+01  4.2229E-03
  1.5434E+01  3.4137E-03
  1.5446E+01  2.6942E-03
  1.5458E+01  2.0883E-03
  1.5470E+01  1.6119E-03
  1.5481E+01  1.2716E-03
  1.5493E+01  1.0640E-03
  1.5505E+01  9.7674E-04
  1.5517E+01  9.8970E-04
  1.5529E+01  1.0774E-03
  1.5541E+01  1.2113E-03
  1.5553E+01  1.3629E-03
  1.5565E+01  1.5058E-03
  1.5577E+01  1.6179E-03
  1.5589E+01  1.6834E-03
  1.5601E+01  1.6930E-03
  1.5612E+01  1.6444E-03
  1.5624E+01  1.5421E-03
  1.5636E+01  1.3957E-03
  1.5648E+01  1.2190E-03
  1.5660E+01  1.0282E-03
  1.5672E+01  8.4002E-04
  1.5684E+01  6.7004E-04
  1.5696E+01  5.3135E-04
  1.5708E+01  4.3347E-04
  1.5720E+01  3.8158E-04
  1.5732E+01  3.7644E-04
  1.5743E+01  4.1448E-04
  1.5755E+01  4.8853E-04
  1.5767E+01  5.8867E-04
  1.5779E+01  7.0336E-04
  1.5791E+01  8.2064E-04
  1.5803E+01  9.2923E-04
  1.5815E+01  1.0195E-03
  1.5827E+01  1.0842E-03
  1.5839E+01  1.1190E-03
  1.5851E+01  1.1223E-03
  1.5863E+01  1.0956E-03
  1.5874E+01  1.0424E-03
  1.5886E+01  9.6829E-04
  1.5898E+01  8.7977E-04
  1.5910E+01  7.8376E-04
  1.5922E+01  6.8688E-04
  1.5934E+01  5.9487E-04
  1.5946E+01  5.1217E-04
  1.5958E+01  4.4168E-04
  1.5970E+01  3.8471E-04
  1.5982E+01  3.4105E-04
  1.5994E+01  3.0924E-04
  1.6005E+01  2.8690E-04